-0.999 -0.846 2.244
-0.999 0.497 1.0463
-0.997 0.342 1.2767
-0.995 -0.799 2.1551
-0.991 -0.637 2.4956
-0.988 -0.99 2.6123
-0.986 0.087 1.1728
-0.986 0.641 1.1271
-0.984 0.544 0.68468
-0.983 -0.031 1.3022
-0.983 0.913 0.45824
-0.978 -0.561 1.9797
-0.974 0.701 0.35872
-0.973 0.446 0.79672
-0.968 0.444 0.94577
-0.965 -0.933 2.2883
-0.965 0.663 0.98077
-0.959 -0.475 1.5145
-0.958 -0.44 1.6011
-0.958 0.656 0.33207
-0.958 0.922 0.27214
-0.957 -0.496 1.1489
-0.952 0.565 0.27429
-0.951 -0.691 1.9113
-0.951 0.878 -0.053515
-0.949 -0.778 1.6349
-0.948 0.218 0.41511
-0.948 0.556 0.61442
-0.947 -0.97 2.389
-0.947 0.907 -0.025747
-0.943 -0.492 1.0247
-0.942 -0.666 1.6346
-0.938 0.488 0.64747
-0.931 -0.177 0.95034
-0.926 -0.501 1.081
-0.923 -0.501 0.98589
-0.919 -0.762 1.1394
-0.917 -0.007 0.54267
-0.914 0.836 0.083314
-0.912 0.818 -0.28462
-0.909 0.085 0.3811
-0.908 0.95 -0.20639
-0.902 0.958 -0.67289
-0.9 -0.569 0.93065
-0.9 -0.511 0.91875
-0.899 -0.049 0.38185
-0.897 0.203 0.46123
-0.894 -0.383 0.75251
-0.891 -0.269 0.70896
-0.891 0.666 -0.11259
-0.89 -0.56 1.0466
-0.889 -0.554 0.58789
-0.888 0.608 -0.31892
-0.883 -0.879 1.1499
-0.882 0.542 -0.2186
-0.881 -0.756 0.96699
-0.881 -0.447 0.28434
-0.873 0.093 -0.21329
-0.871 0.229 -0.20356
-0.869 -0.504 0.55301
-0.866 -0.822 0.83063
-0.866 0.095 -0.17353
-0.864 -0.041 0.2362
-0.864 0.41 -0.62027
-0.864 0.766 -0.93976
-0.86 0.829 -0.26582
-0.857 -0.584 0.39887
-0.856 0.265 0.046738
-0.853 -0.067 0.095115
-0.853 0.467 -0.52055
-0.852 0.121 -0.026016
-0.851 0.338 -0.38745
-0.85 0.079 -0.12629
-0.845 -0.963 0.8416
-0.844 -0.069 0.25998
-0.844 0.34 -0.78322
-0.844 0.414 -0.3018
-0.844 0.787 -0.58016
-0.841 -0.704 0.31299
-0.839 -0.937 0.77396
-0.839 0.732 -0.87648
-0.831 -0.957 0.65872
-0.829 -0.865 0.2925
-0.829 0.784 -0.88356
-0.827 0.641 -0.7337
-0.826 -0.919 0.38037
-0.826 0.852 -1.199
-0.824 0.84 -1.2228
-0.823 -0.618 0.073824
-0.822 0.081 -0.375
-0.821 0.42 -0.7119
-0.821 0.58 -1.0195
-0.818 0.56 -0.88273
-0.817 -0.487 -0.035612
-0.817 0.602 -1.1284
-0.817 0.847 -0.8048
-0.815 -0.748 -0.1627
-0.809 -0.158 -0.40085
-0.808 0.391 -0.76298
-0.807 -0.764 0.27245
-0.805 -0.574 0.0072008
-0.802 -0.059 -0.622
-0.8 -0.307 -0.35274
-0.795 -0.026 -0.41208
-0.795 0.952 -1.0562
-0.793 -0.861 -0.04832
-0.793 -0.534 -0.31531
-0.791 -0.837 -0.19585
-0.791 -0.532 -0.36586
-0.791 0.634 -1.16
-0.788 -0.477 -0.25176
-0.785 -0.573 -0.29493
-0.785 -0.119 -0.61087
-0.785 0.618 -1.4394
-0.785 0.649 -1.1706
-0.784 -0.973 -0.22015
-0.784 -0.011 -0.92167
-0.781 -0.221 -0.53975
-0.781 0.713 -1.1465
-0.781 0.924 -1.4474
-0.78 -0.037 -0.74739
-0.779 0.052 -1.1112
-0.774 -0.838 0.13567
-0.772 0.926 -1.9898
-0.771 0.877 -1.7137
-0.77 0.537 -0.78327
-0.768 0.017 -1.0842
-0.767 -0.621 -0.48942
-0.76 -0.045 -1.3657
-0.76 0.468 -1.2305
-0.758 -0.04 -0.79151
-0.756 0.53 -1.407
-0.755 0.132 -1.292
-0.754 0.37 -1.1188
-0.753 0.969 -1.8392
-0.751 -0.485 -0.36331
-0.751 0.448 -1.0356
-0.749 0.926 -1.666
-0.747 -0.019 -1.1164
-0.745 0.514 -1.5587
-0.745 0.563 -1.661
-0.741 0.62 -2.0535
-0.735 -0.877 -0.044717
-0.732 0.673 -1.5467
-0.731 0.309 -1.3728
-0.728 0.907 -2.3125
-0.727 0.066 -1.3426
-0.725 -0.593 -0.9527
-0.723 0.113 -1.5233
-0.722 -0.617 -0.88956
-0.722 0.631 -1.644
-0.721 0.257 -1.6419
-0.719 -0.68 -0.71171
-0.718 -0.904 -0.5786
-0.715 -0.71 -0.85164
-0.713 -0.142 -1.0531
-0.712 -0.663 -0.72329
-0.71 0.712 -1.8348
-0.71 0.756 -1.7795
-0.704 0.46 -2.1481
-0.701 -0.633 -1.2111
-0.699 0.175 -1.4824
-0.699 0.894 -2.208
-0.698 -0.159 -1.6626
-0.693 -0.419 -1.0411
-0.693 0.021 -1.423
-0.692 -0.523 -1.3025
-0.692 0.694 -2.3103
-0.691 0.291 -1.6887
-0.688 0.667 -1.8558
-0.686 0.193 -1.3246
-0.683 -0.429 -1.089
-0.677 -0.303 -1.4688
-0.675 -0.86 -0.74824
-0.675 0.224 -1.8529
-0.671 0.98 -2.063
-0.668 0.857 -2.0809
-0.667 -0.189 -1.5273
-0.667 0.653 -2.0018
-0.666 0.664 -2.1598
-0.663 0.705 -2.1719
-0.661 -0.99 -1.2534
-0.656 0.201 -1.9345
-0.651 -0.523 -1.5726
-0.65 0.711 -2.5345
-0.647 -0.849 -1.3791
-0.645 0.785 -2.411
-0.645 0.795 -2.2174
-0.644 -0.392 -1.8034
-0.642 0.703 -2.4232
-0.639 0.691 -2.093
-0.636 0.993 -2.5424
-0.633 -0.386 -1.6314
-0.629 -0.638 -1.5783
-0.628 -0.01 -1.9685
-0.627 -0.169 -1.8972
-0.626 0.831 -2.5219
-0.623 0.702 -2.4857
-0.62 0.287 -1.9122
-0.619 -0.567 -1.191
-0.619 0.204 -2.1923
-0.617 0.502 -2.284
-0.611 -0.847 -1.3002
-0.61 0.64 -2.5189
-0.608 0.556 -2.3092
-0.607 -0.385 -2.1743
-0.607 0.612 -2.4559
-0.604 -0.429 -1.8275
-0.602 0.505 -2.4569
-0.594 0.841 -2.9212
-0.592 0.34 -2.5534
-0.588 -0.925 -1.7688
-0.587 -0.812 -1.4043
-0.586 -0.08 -1.8361
-0.586 0.588 -2.8984
-0.585 0.793 -2.4506
-0.584 -0.791 -1.7715
-0.582 0.485 -2.472
-0.582 0.712 -2.7323
-0.581 -0.2 -2.2385
-0.58 0.405 -2.5061
-0.579 -0.628 -2.2618
-0.579 -0.048 -2.031
-0.577 -0.703 -1.9182
-0.576 0.447 -2.2377
-0.576 0.605 -2.6666
-0.575 -0.632 -1.582
-0.575 0.474 -2.3963
-0.572 0.131 -2.1297
-0.572 0.178 -2.3337
-0.568 -0.388 -1.876
-0.568 -0.238 -1.9605
-0.565 0.215 -2.3622
-0.562 -0.871 -2.1837
-0.559 0.232 -2.2722
-0.555 -0.767 -1.779
-0.554 -0.795 -1.7903
-0.554 -0.573 -1.9209
-0.552 -0.059 -2.1691
-0.55 0.981 -2.4571
-0.548 -0.991 -1.6348
-0.546 0.637 -2.8608
-0.545 -0.097 -2.0629
-0.544 -0.932 -2.1014
-0.544 0.009 -2.1881
-0.543 0.902 -2.4943
-0.542 -0.06 -2.4132
-0.542 0.001 -2.3958
-0.541 -0.938 -1.8171
-0.539 -0.104 -2.2702
-0.538 0.985 -2.9903
-0.535 -0.51 -1.942
-0.535 0.041 -2.9207
-0.53 0.858 -3.2139
-0.529 -0.916 -1.8973
-0.527 -0.511 -2.4487
-0.527 -0.297 -2.1777
-0.526 -0.688 -1.9864
-0.521 0.907 -2.8629
-0.515 0.265 -2.3996
-0.508 -0.612 -2.0963
-0.508 -0.228 -2.1762
-0.507 -0.321 -2.2341
-0.506 -0.902 -1.8137
-0.505 -0.265 -2.392
-0.505 0.722 -2.7981
-0.503 -0.178 -2.2933
-0.498 0.552 -2.9627
-0.496 -0.438 -2.3467
-0.495 0.816 -3.131
-0.492 0.716 -2.3325
-0.492 0.972 -2.9137
-0.489 0.758 -2.712
-0.486 -0.386 -2.1371
-0.486 -0.071 -2.3021
-0.485 0.019 -2.4672
-0.48 0.663 -2.3846
-0.48 0.677 -2.772
-0.478 0.718 -3.2977
-0.476 0.301 -2.2537
-0.476 0.897 -2.9687
-0.472 -0.815 -2.2325
-0.468 0.27 -2.2858
-0.467 -0.614 -2.4521
-0.464 0.522 -3.047
-0.462 0.916 -3.0887
-0.459 0.072 -2.4915
-0.459 0.914 -3.1432
-0.455 -0.028 -2.6682
-0.455 0.684 -2.8611
-0.454 -0.481 -2.2724
-0.452 -0.52 -2.59
-0.45 -0.664 -2.2573
-0.448 0.71 -2.6624
-0.447 0.631 -2.5074
-0.446 -0.362 -2.2931
-0.446 -0.264 -2.7857
-0.444 -0.105 -2.7801
-0.443 0.061 -2.5335
-0.443 0.424 -3.0072
-0.443 0.481 -2.8933
-0.442 0.879 -3.1772
-0.437 -0.46 -2.4432
-0.433 -0.518 -2.109
-0.433 0.746 -2.7493
-0.425 0.566 -2.8959
-0.423 0.483 -2.9327
-0.419 -0.164 -2.5038
-0.417 -0.385 -2.5344
-0.415 0.984 -2.6691
-0.414 0.096 -2.5345
-0.41 -0.558 -2.0601
-0.408 0.734 -2.976
-0.404 -0.559 -2.1895
-0.403 -0.31 -2.4159
-0.402 0.844 -3.4412
-0.4 -0.409 -2.2263
-0.399 -0.867 -2.3385
-0.398 -0.952 -2.1869
-0.396 0.742 -2.3239
-0.395 0.689 -2.5892
-0.393 0.646 -2.7938
-0.39 0.912 -2.6876
-0.386 0.948 -2.8307
-0.382 -0.831 -1.8846
-0.38 -0.084 -2.8408
-0.377 0.439 -2.741
-0.375 -0.955 -1.9785
-0.375 -0.42 -2.4367
-0.374 -0.154 -2.3747
-0.371 0.597 -2.8076
-0.368 -0.039 -2.3882
-0.368 0.316 -2.7574
-0.367 -0.044 -2.3087
-0.361 0.766 -3.0656
-0.36 -0.946 -2.4018
-0.357 -0.568 -2.2734
-0.354 -0.408 -2.1928
-0.354 -0.337 -2.465
-0.354 0.505 -2.7525
-0.348 -0.783 -2.4643
-0.344 0.915 -2.6874
-0.343 -0.464 -2.2827
-0.342 0.401 -2.3847
-0.34 -0.769 -1.9682
-0.34 0.445 -2.4367
-0.335 0.09 -2.5514
-0.334 -0.298 -2.5045
-0.334 0.7 -2.5997
-0.332 0.126 -2.694
-0.331 -0.662 -2.1484
-0.322 0.499 -2.624
-0.321 0.336 -2.3111
-0.32 -0.824 -1.8966
-0.319 -0.757 -2.4092
-0.312 -0.498 -2.55
-0.311 0.648 -2.3412
-0.31 -0.708 -1.9079
-0.31 -0.309 -2.0889
-0.309 -0.477 -2.2951
-0.309 0.769 -2.5864
-0.309 0.906 -2.6391
-0.3 0.003 -2.4897
-0.296 0.757 -2.5999
-0.295 -0.259 -2.279
-0.293 -0.553 -2.302
-0.293 0.709 -2.4956
-0.292 -0.966 -2.3385
-0.291 0.09 -2.1965
-0.29 -0.257 -2.2688
-0.289 -0.953 -2.0491
-0.288 -0.571 -2.4711
-0.284 0.66 -2.7172
-0.281 -0.882 -2.1417
-0.276 -0.873 -2.0916
-0.275 -0.355 -2.0033
-0.274 0.522 -2.771
-0.273 -0.018 -2.4881
-0.272 0.224 -2.1262
-0.27 -0.529 -2.3408
-0.268 -0.778 -2.2716
-0.267 -0.989 -2.0166
-0.266 -0.55 -2.3067
-0.262 -0.076 -2.5303
-0.26 -0.676 -1.9454
-0.26 0.242 -2.5969
-0.255 0.857 -2.5311
-0.253 -0.569 -2.359
-0.252 -0.964 -2.3289
-0.251 -0.058 -2.3687
-0.244 0.448 -2.2316
-0.244 0.456 -2.4162
-0.243 -0.316 -2.4385
-0.242 -0.72 -2.2498
-0.241 -0.574 -2.3139
-0.241 0.133 -2.4548
-0.241 0.921 -2.2545
-0.24 -0.775 -2.2397
-0.24 0.451 -2.3491
-0.238 -0.031 -1.9105
-0.237 0.247 -1.9626
-0.237 0.325 -2.3829
-0.235 -0.494 -2.5159
-0.233 -0.845 -2.0114
-0.231 -0.32 -1.979
-0.229 0.722 -2.5576
-0.228 0.611 -2.3893
-0.226 -0.665 -2.2536
-0.226 0.161 -2.4604
-0.225 -0.779 -1.8969
-0.223 0.348 -2.5265
-0.221 0.528 -2.0635
-0.22 -0.396 -1.9843
-0.22 0.104 -2.04
-0.218 -0.38 -1.9209
-0.217 -0.317 -2.1017
-0.217 -0.134 -2.2327
-0.212 -0.756 -2.1498
-0.211 -0.736 -1.7989
-0.211 0.646 -2.3468
-0.21 0.589 -2.225
-0.207 -0.529 -2.4548
-0.207 -0.312 -1.9861
-0.206 -0.639 -2.1595
-0.205 -0.176 -2.2563
-0.201 0.599 -2.5527
-0.199 -0.349 -2.0875
-0.196 -0.258 -2.7006
-0.193 0.168 -2.4069
-0.191 0.025 -1.8946
-0.19 -0.784 -2.098
-0.189 -0.838 -2.3613
-0.183 0.841 -2.2909
-0.181 -0.22 -1.7294
-0.177 -0.81 -1.8435
-0.176 0.915 -2.349
-0.172 -0.685 -2.5503
-0.169 -0.922 -1.9358
-0.168 0.159 -1.9198
-0.168 0.678 -2.2879
-0.163 0.744 -2.8208
-0.161 0.157 -1.9708
-0.161 0.953 -2.8302
-0.159 -0.14 -2.0773
-0.159 0.822 -1.8793
-0.158 0.028 -2.1694
-0.157 0.626 -2.4316
-0.153 0.902 -2.0085
-0.152 0.041 -2.0185
-0.15 0.626 -2.1796
-0.149 0.129 -2.0501
-0.148 -0.148 -1.8872
-0.145 0.629 -2.1987
-0.145 0.984 -2.1465
-0.142 0.764 -2.0631
-0.141 -0.873 -1.9194
-0.133 -0.221 -2.167
-0.131 0.214 -1.9807
-0.13 -0.968 -1.4893
-0.13 0.233 -2.5071
-0.13 0.39 -2.4212
-0.128 0.619 -2.1998
-0.126 0.336 -1.9963
-0.125 0.787 -1.6971
-0.119 0.879 -2.075
-0.117 0.035 -1.7207
-0.112 -0.882 -2.0339
-0.107 -0.205 -1.9355
-0.107 0.375 -2.2916
-0.106 -0.814 -1.7631
-0.106 0.487 -1.9271
-0.106 0.746 -2.4479
-0.105 0.681 -2.3669
-0.104 0.9 -2.2252
-0.103 -0.296 -1.9491
-0.101 -0.515 -1.8256
-0.099 -0.388 -1.8027
-0.09 -0.953 -2.0564
-0.09 0.018 -2.0723
-0.089 -0.32 -2.0725
-0.087 0.824 -2.1811
-0.085 0.842 -2.3549
-0.083 -0.621 -2.0853
-0.082 -0.896 -2.1887
-0.081 -0.843 -1.9973
-0.08 -0.533 -2.0613
-0.077 0.209 -1.9346
-0.075 0.812 -2.2651
-0.073 0.608 -1.825
-0.068 0.367 -2.0641
-0.066 -0.739 -1.9851
-0.064 -0.807 -2.0718
-0.063 0.176 -2.0985
-0.061 -0.951 -1.7213
-0.06 0.175 -2.0137
-0.058 -0.185 -2.1568
-0.056 -0.337 -1.9973
-0.056 0.3 -2.3935
-0.054 -0.089 -2.1739
-0.05 -0.56 -2.1244
-0.05 0.294 -2.2414
-0.048 -0.753 -2.0331
-0.048 -0.747 -1.8062
-0.047 0.492 -1.7163
-0.045 -0.579 -2.1732
-0.044 -0.918 -1.7105
-0.044 -0.668 -2.1404
-0.044 0.778 -1.8082
-0.039 -0.663 -2.0353
-0.037 0.167 -2.1053
-0.035 0.24 -1.9935
-0.034 0.839 -2.0655
-0.031 -0.629 -2.1803
-0.031 -0.267 -1.8476
-0.028 -0.893 -1.9159
-0.028 0.634 -2.2469
-0.026 0.035 -1.9329
-0.026 0.862 -1.9236
-0.024 0.008 -1.7435
-0.022 0.828 -1.9904
-0.021 0.292 -2.1801
-0.02 -0.544 -2.137
-0.02 -0.446 -2.2143
-0.019 -0.007 -2.0353
-0.019 0.391 -1.9604
-0.015 0.774 -2.0636
-0.015 0.775 -2.2987
-0.014 -0.162 -2.0391
-0.008 -0.905 -2.0513
-0.007 -0.216 -2.0282
-0.006 1 -2.4606
-0.004 0.444 -1.9581
0.002 0.435 -1.985
0.004 0.063 -2.0024
0.006 0.084 -2.3413
0.011 -0.979 -2.217
0.015 0.667 -1.7281
0.016 0.617 -1.8912
0.019 -0.128 -1.976
0.019 0.952 -1.9336
0.02 -0.514 -1.9292
0.025 -0.768 -1.9863
0.027 -0.022 -1.9559
0.03 -0.577 -2.1843
0.032 0.065 -1.7869
0.035 0.293 -1.3553
0.037 -0.608 -2.1592
0.037 0.91 -1.8125
0.04 0.566 -1.6604
0.04 0.999 -2.0202
0.041 -0.669 -2.078
0.041 -0.424 -2.0031
0.041 0.331 -1.8164
0.042 0.482 -1.8827
0.043 0.639 -2.2006
0.046 -0.882 -2.1124
0.05 0.559 -2.0665
0.051 0.738 -2.1813
0.053 0.43 -2.3985
0.054 0.088 -2.1805
0.056 -0.456 -2.1391
0.059 -0.292 -2.1781
0.06 0.353 -2.0855
0.061 -0.487 -2.0713
0.061 0.291 -1.982
0.062 -0.611 -2.2419
0.064 0.936 -2.006
0.066 0.086 -2.0792
0.067 0.321 -1.8285
0.08 -0.572 -2.1587
0.086 -0.223 -1.9729
0.086 -0.114 -2.0204
0.088 0.522 -1.7922
0.094 0.663 -2.176
0.096 -0.916 -1.8601
0.096 -0.865 -2.095
0.096 -0.406 -1.8241
0.098 -0.456 -1.882
0.1 0.234 -2.1991
0.101 -0.095 -2.0351
0.101 0.839 -1.7112
0.102 -0.777 -2.3546
0.105 -0.863 -2.1606
0.106 -0.479 -2.143
0.106 0.355 -2.1553
0.107 -0.324 -2.051
0.107 0.379 -1.7916
0.111 -0.603 -2.3049
0.119 0.805 -2.0549
0.12 0.525 -1.9483
0.123 -0.953 -1.999
0.138 -0.173 -2.4608
0.145 -0.772 -2.0286
0.145 -0.495 -1.9588
0.145 0.68 -2.1452
0.151 0.664 -1.86
0.152 -0.075 -2.4605
0.154 0.381 -1.8403
0.157 -0.815 -2.0265
0.157 0.429 -1.6918
0.157 0.497 -1.9471
0.158 0.644 -2.1024
0.159 0.151 -2.2043
0.16 0.316 -1.7481
0.168 -0.432 -2.324
0.169 0.18 -2.2541
0.179 -0.936 -2.2136
0.184 0.956 -1.7999
0.185 -0.214 -1.9164
0.188 -0.981 -2.2086
0.188 -0.83 -2.4938
0.188 0.812 -2.3486
0.189 -0.745 -2.2228
0.193 0.948 -2.0731
0.194 -0.354 -2.6842
0.197 0.677 -2.0432
0.199 0.141 -2.1601
0.201 -0.492 -2.1557
0.202 0.801 -1.8917
0.207 -0.215 -2.3445
0.208 -0.763 -2.6378
0.208 -0.145 -2.5131
0.21 0.597 -1.7705
0.213 -0.289 -2.362
0.221 0.783 -2.2443
0.228 -0.135 -2.4711
0.229 -0.209 -2.4531
0.231 0.808 -2.3365
0.237 -0.621 -2.2538
0.239 0.678 -1.9454
0.24 -0.41 -2.2383
0.25 -0.999 -2.5188
0.25 -0.407 -2.7774
0.252 0.973 -2.0086
0.253 0.641 -1.8228
0.254 -0.723 -2.3574
0.254 0.081 -2.0663
0.257 -0.854 -2.7322
0.258 0.713 -2.2806
0.259 0.428 -2.2814
0.26 -0.518 -2.5577
0.261 0.834 -1.9053
0.264 0.113 -2.4775
0.267 0.765 -2.1862
0.273 0.929 -1.9438
0.274 -0.563 -2.3875
0.275 -0.562 -2.1733
0.275 -0.409 -2.6397
0.275 -0.137 -2.4026
0.276 -0.556 -2.5799
0.276 0.637 -2.1106
0.278 -0.107 -2.6892
0.279 -0.103 -2.3985
0.285 -0.469 -2.0402
0.285 0.038 -2.2907
0.286 0.203 -2.1319
0.289 0.479 -2.4365
0.295 -0.59 -2.4062
0.295 0.17 -2.3826
0.296 -0.937 -2.6808
0.297 0.421 -1.9357
0.298 -0.443 -2.6845
0.299 -0.073 -2.3855
0.299 0.101 -2.2239
0.3 -0.566 -2.6225
0.309 -0.518 -2.5349
0.311 0.261 -2.2639
0.314 -0.989 -2.5882
0.322 0.119 -2.5242
0.326 -0.896 -2.7393
0.328 -0.378 -2.4334
0.329 -0.365 -2.5678
0.329 0.174 -2.5036
0.331 0.861 -2.2213
0.332 -0.951 -3.3234
0.333 -0.494 -2.7652
0.334 -0.574 -2.5468
0.335 -0.334 -2.9601
0.337 0.856 -2.3055
0.344 -0.934 -2.7063
0.346 -0.912 -2.7913
0.348 -0.537 -3.075
0.35 0.217 -2.0694
0.35 0.324 -2.6164
0.351 0.234 -2.394
0.352 -0.881 -2.9148
0.352 0.261 -2.5416
0.352 0.421 -2.3844
0.353 -0.395 -2.5157
0.357 0.316 -2.3692
0.358 -0.958 -2.894
0.358 0.493 -2.0527
0.361 0.83 -2.1288
0.366 -0.39 -2.5899
0.372 0.171 -2.2417
0.375 -0.718 -2.2602
0.377 0.441 -2.582
0.379 -0.795 -2.8561
0.381 -0.769 -2.9868
0.388 -0.434 -2.4139
0.389 0.77 -2.0576
0.395 -0.946 -3.2902
0.396 -0.758 -2.7667
0.397 -0.559 -2.7957
0.398 0.175 -2.4181
0.398 0.567 -2.0037
0.403 0.134 -1.9669
0.406 -0.339 -2.2477
0.407 -0.131 -2.5724
0.41 0.565 -1.7617
0.421 -0.641 -2.8053
0.421 0.518 -2.2715
0.422 -0.873 -2.7991
0.422 0.781 -2.2599
0.424 -0.05 -2.5665
0.424 0.51 -2.3753
0.428 -0.89 -2.6693
0.428 0.904 -2.0017
0.428 0.978 -1.9338
0.43 0.506 -2.5447
0.432 0.51 -2.4831
0.433 0.402 -2.0281
0.434 0.138 -2.2104
0.44 0.264 -2.5384
0.441 0.19 -2.5526
0.441 0.443 -2.3505
0.444 -0.015 -2.6364
0.447 -0.697 -2.7595
0.447 0.009 -2.7238
0.447 0.398 -2.1184
0.448 -0.84 -2.7681
0.45 0.709 -2.2239
0.45 0.791 -1.9817
0.452 -0.311 -2.4015
0.454 0.197 -2.2693
0.455 -0.419 -2.721
0.455 0.341 -2.3762
0.456 0.338 -2.0487
0.457 -0.93 -2.8416
0.458 -0.328 -2.6723
0.464 -0.619 -2.8131
0.473 0.836 -1.8926
0.478 -0.749 -2.8689
0.479 0.763 -1.9388
0.481 0.937 -1.7925
0.483 -0.247 -2.5839
0.483 -0.085 -2.7473
0.486 -0.1 -2.3602
0.487 0.117 -2.3545
0.489 0.078 -1.9324
0.492 0.03 -2.7255
0.493 0.991 -1.9201
0.494 0.462 -2.0694
0.501 0.212 -2.4334
0.501 0.869 -1.785
0.502 -0.03 -2.0934
0.508 -0.534 -2.542
0.509 0.244 -2.1035
0.51 -0.678 -2.7351
0.511 -0.409 -2.6667
0.511 0.041 -2.3107
0.514 0.153 -2.2505
0.514 0.751 -2.1658
0.515 0.067 -2.6052
0.517 -0.2 -2.581
0.517 0.593 -1.9454
0.518 -0.105 -2.5739
0.519 -0.188 -2.4547
0.521 -0.639 -2.7877
0.521 -0.141 -2.2145
0.522 -0.811 -2.7107
0.524 -0.088 -2.3542
0.529 0.352 -1.9879
0.531 0.601 -2.2166
0.534 -0.44 -2.5164
0.537 -0.413 -2.4988
0.538 -0.807 -2.6282
0.541 0.156 -1.9858
0.546 -0.613 -2.4346
0.548 0.91 -1.8217
0.549 0.271 -2.2862
0.55 0.772 -2.2797
0.551 0.02 -1.9513
0.552 0.338 -1.9784
0.557 0.237 -2.3327
0.558 0.624 -1.8112
0.564 0.519 -1.9219
0.565 -0.444 -2.7597
0.565 0.292 -2.2762
0.567 -0.805 -2.5836
0.568 -0.058 -1.7537
0.568 0.202 -1.767
0.569 0.527 -2.0865
0.574 0.525 -1.7523
0.577 -0.603 -2.6288
0.577 -0.279 -2.5157
0.579 -0.974 -2.7553
0.58 -0.539 -2.4502
0.585 0.77 -1.6369
0.591 -0.647 -2.5659
0.594 -0.397 -2.2574
0.594 0.254 -1.9322
0.596 -0.182 -2.1232
0.599 -0.995 -2.8973
0.601 0.274 -1.5207
0.604 -0.171 -1.9645
0.606 0.203 -2.2192
0.61 -0.039 -1.746
0.61 0.125 -1.9079
0.611 -0.266 -2.2298
0.611 -0.176 -2.5429
0.612 0.2 -2.0027
0.615 -0.404 -2.2388
0.616 -0.301 -2.107
0.618 -0.745 -2.5431
0.62 0.443 -1.7536
0.622 -0.621 -2.0542
0.623 0.913 -1.5562
0.624 0.691 -1.9431
0.63 -0.615 -1.9863
0.63 -0.486 -2.2226
0.634 -0.982 -2.609
0.634 0.18 -1.5723
0.637 -0.637 -2.0117
0.64 -0.731 -2.3811
0.641 -0.95 -2.5687
0.641 -0.521 -2.0508
0.643 -0.229 -2.052
0.646 -0.575 -2.0067
0.648 0.698 -1.3013
0.649 -0.86 -2.343
0.651 0.111 -1.8161
0.654 -0.022 -1.5048
0.66 0.923 -1.2825
0.661 -0.768 -2.4163
0.663 -0.309 -1.7789
0.668 -0.353 -1.8264
0.668 0.437 -1.4115
0.669 -0.748 -1.9343
0.669 -0.552 -1.5955
0.672 0.755 -1.2735
0.675 -0.506 -2.3015
0.675 0.367 -1.7047
0.676 -0.616 -1.9921
0.676 -0.502 -1.7795
0.682 -0.472 -1.8878
0.683 0.724 -0.91727
0.684 -0.331 -1.6383
0.688 0.457 -1.4761
0.693 0.936 -0.83903
0.696 -0.885 -2.0898
0.697 0.101 -1.2406
0.697 0.825 -1.2817
0.698 0.878 -0.66985
0.702 0.535 -0.93797
0.705 -0.199 -1.4503
0.706 -0.866 -1.9157
0.706 -0.311 -1.4527
0.707 0.644 -1.0777
0.707 0.942 -1.1995
0.708 -0.536 -2.2624
0.712 0.042 -1.0695
0.713 0.555 -0.88955
0.715 -0.071 -1.7094
0.72 -0.857 -2.0365
0.72 0.94 -0.45576
0.724 0.411 -0.96783
0.724 0.7 -0.89443
0.728 -0.731 -1.3292
0.73 -0.046 -1.4996
0.731 0.434 -0.56975
0.734 0.854 -0.61883
0.736 0.796 -0.58392
0.738 -0.148 -1.3421
0.745 0.108 -1.0007
0.746 -0.659 -1.7695
0.748 0.832 -0.11268
0.751 0.515 -0.8625
0.761 0.126 -0.87087
0.763 0.874 -0.35098
0.764 -0.213 -0.98426
0.769 -0.014 -0.74284
0.77 -0.312 -1.0699
0.771 -0.307 -0.9082
0.774 0.669 -0.19457
0.776 -0.168 -0.92082
0.776 0.708 -0.46191
0.78 0.141 -0.62916
0.78 0.627 -0.72351
0.787 -0.877 -1.3684
0.789 0.487 -0.1519
0.792 0.935 0.342
0.794 -0.8 -1.4207
0.794 0.793 0.19378
0.795 0.504 0.19028
0.797 0.471 0.012993
0.8 -0.491 -1.1855
0.801 0.986 0.33805
0.804 -0.186 -0.74151
0.804 0.571 -0.27446
0.805 -0.606 -0.90393
0.805 0.267 -0.21031
0.814 -0.637 -0.79557
0.814 -0.197 -0.54502
0.816 0.028 -0.15335
0.817 -0.035 -0.22026
0.819 -0.66 -0.80382
0.82 -0.82 -1.4511
0.82 -0.124 -0.4724
0.822 0.668 0.20408
0.83 0.325 -0.051952
0.834 -0.645 -0.79431
0.836 0.39 -0.07982
0.836 0.457 -0.072081
0.837 -0.522 -0.8181
0.837 0.247 -0.29836
0.838 -0.853 -0.77577
0.84 -0.971 -1.0968
0.841 0.921 0.71653
0.843 -0.495 -0.26251
0.844 -0.032 -0.34293
0.846 -0.82 -0.68132
0.846 -0.129 -0.43184
0.847 0.823 0.41787
0.849 -0.486 -0.66591
0.849 0.486 0.41392
0.85 0.096 -0.30863
0.851 0.991 0.78196
0.853 0.86 0.75097
0.855 0.348 0.1991
0.857 -0.632 -0.61142
0.863 0.355 0.32251
0.864 0.16 0.20947
0.865 0.516 0.50022
0.866 -0.631 -0.39374
0.868 -0.054 0.18865
0.873 -0.286 -0.044824
0.874 0.348 0.63472
0.876 -0.634 -0.29736
0.876 -0.539 -0.041079
0.878 -0.856 -0.99461
0.88 0.123 0.26575
0.88 0.846 1.0605
0.884 0.178 0.38906
0.886 -0.346 -0.019158
0.887 -0.724 -0.40925
0.889 -0.758 -0.61006
0.889 -0.664 -0.39295
0.889 -0.587 -0.096641
0.889 0.02 0.42675
0.891 0.169 0.77705
0.897 -0.989 -0.54351
0.898 -0.126 0.41611
0.905 -0.424 -0.081406
0.906 0.329 0.58801
0.908 0.874 1.3057
0.91 -0.245 0.51483
0.911 0.947 1.6063
0.912 -0.781 -0.39748
0.916 -0.416 0.1525
0.916 -0.355 0.6488
0.92 -0.424 0.0011066
0.924 -0.365 0.63533
0.924 0.41 0.63247
0.925 -0.382 0.32534
0.925 0.236 0.97576
0.928 -0.583 -0.026508
0.928 0.202 0.8997
0.929 -0.901 0.19385
0.929 0.488 1.25
0.93 -0.469 0.36899
0.932 -0.387 0.53867
0.932 -0.255 0.55178
0.932 0.603 1.4069
0.936 0.718 1.4915
0.939 0.998 1.7028
0.942 -0.863 -0.021213
0.946 -0.938 -0.04645
0.946 0.527 1.5151
0.947 -0.281 0.63741
0.948 0.783 2.0013
0.95 -0.546 0.35117
0.951 0.207 1.1707
0.954 0.932 1.9684
0.957 -0.403 0.7964
0.961 -0.52 0.67305
0.963 0.81 1.6177
0.966 -0.937 0.17221
0.966 -0.308 0.74826
0.968 -0.431 0.88864
0.971 -0.214 1.2657
0.983 -0.935 0.85362
0.983 0.121 1.2419
0.984 0.425 1.6802
0.989 -0.458 1.1581
0.991 0.541 1.9986
0.993 0.538 1.8098
0.993 0.859 2.0497
0.996 0.398 2.2577
1 0.64 2.4301
