0 1.1469
0.03 0.67245
0.04 0.35376
0.06 -1.8286
0.08 -0.61237
0.12 -0.18758
0.13 -0.62071
0.16 -1.6226
0.2 0.83018
0.25 -0.63104
0.26 -0.42034
0.27 0.3394
0.29 -1.2696
0.31 -1.4002
0.33 -0.038297
0.34 -0.22333
0.35 -2.2689
0.4 -1.3837
0.41 -0.61116
0.43 -0.43896
0.44 -0.40743
0.46 -0.5393
0.49 -1.4133
0.53 -0.97036
0.58 -1.4365
0.6 -2.8468
0.67 -2.1683
0.68 -2.2335
0.69 -1.9721
0.72 -1.9178
0.75 -3.4755
0.82 -1.0873
0.85 -3.0708
0.89 -1.2116
0.9 -2.3585
0.93 -3.9275
0.95 -2.1852
0.97 -2.5292
1.01 -2.0722
1.02 -2.1262
1.03 -3.4561
1.04 -3.2114
1.08 -3.04
1.1 -1.0313
1.11 -3.7543
1.12 -3.2665
1.13 -1.7058
1.14 -2.8877
1.16 -2.503
1.21 -1.5977
1.24 -1.1461
1.25 -3.4092
1.28 -2.6931
1.35 -3.7174
1.36 -2.3948
1.37 -2.8965
1.38 -2.8134
1.46 -2.5048
1.49 -3.9033
1.5 -2.3594
1.52 -4.6812
1.56 -3.4852
1.59 -4.3838
1.61 -4.2764
1.66 -4.9743
1.67 -4.7625
1.72 -4.0488
1.75 -5.7574
1.77 -6.7456
1.78 -4.1607
1.8 -5.9059
1.82 -5.812
1.83 -4.9585
1.84 -5.1039
1.86 -6.8356
1.89 -6.5726
1.91 -5.7303
1.93 -6.545
1.94 -6.2437
1.95 -6.5224
1.96 -5.9955
1.98 -7.449
2.08 -4.9467
2.09 -6.1781
2.11 -7.5126
2.17 -6.8429
2.18 -6.3243
2.26 -7.5235
2.33 -7.0655
2.34 -6.7172
2.35 -9.1611
2.36 -7.3608
2.37 -7.9228
2.42 -7.5705
2.44 -6.778
2.49 -7.7519
2.5 -7.2627
2.56 -6.6708
2.57 -7.74
2.59 -7.5706
2.61 -7.8532
2.65 -8.266
2.66 -7.2982
2.68 -7.6563
2.69 -7.7704
2.7 -8.6292
2.71 -7.4039
2.77 -7.7472
2.78 -7.1348
2.81 -7.8162
2.87 -8.6006
2.88 -7.9119
2.98 -8.6432
3 -8.7974
3.04 -8.4487
3.06 -10.259
3.07 -9.9026
3.09 -9.1385
3.1 -8.6271
3.13 -13.065
3.14 -10.485
3.17 -10.48
3.18 -11.732
3.19 -9.4323
3.2 -9.3504
3.22 -9.5455
3.23 -10.312
3.26 -10.694
3.29 -11.66
3.32 -11.878
3.37 -10.355
3.42 -10.382
3.45 -9.3453
3.48 -10.001
3.49 -9.1612
3.51 -10.391
3.52 -11.277
3.53 -9.7909
3.57 -8.3831
3.58 -10.433
3.59 -10.509
3.6 -9.5681
3.61 -9.9139
3.65 -9.072
3.66 -12.14
3.68 -10.445
3.71 -10.181
3.72 -10.472
3.73 -9.8247
3.75 -10.374
3.78 -10.226
3.79 -10.433
3.81 -10.055
3.83 -10.392
3.84 -9.3088
3.85 -11.335
3.88 -10.527
3.89 -11.613
3.93 -11.373
3.97 -12.223
3.98 -12.059
3.99 -11.449
4.05 -12.605
4.13 -13.464
4.14 -13.336
4.19 -14.496
4.22 -14.072
4.23 -15.114
4.25 -12.724
4.26 -13.212
4.3 -13.169
4.31 -12.743
4.39 -13.991
4.41 -12.763
4.42 -11.554
4.45 -12.181
4.48 -12.864
4.49 -12.679
4.51 -14.037
4.53 -13.448
4.56 -11.904
4.59 -13.078
4.64 -13.152
4.65 -14.821
4.68 -13.806
4.71 -13.39
4.73 -13.613
4.74 -16.104
4.78 -14.114
4.81 -15.642
4.82 -15.482
4.84 -15.462
4.85 -15.073
4.91 -14.418
4.92 -15.672
4.93 -15.815
4.94 -14.99
4.95 -15.507
4.97 -15.327
5 -14.675
