-11.147,5.9923,1
15.831,0.97591,1
9.4691,0.80907,1
-10.464,8.5275,1
-0.10753,14.357,1
-10.436,7.6011,1
3.3649,-9.8528,1
14.995,-5.9251,1
7.7307,12.806,1
6.3444,13.273,1
-10.323,-5.1413,1
-3.8984,6.3183,1
-2.7306,6.888,1
-12.038,3.0736,1
-0.43277,7.9398,1
-8.9311,9.7394,1
-8.9063,-7.3179,1
10.937,10.657,1
11.253,10.45,1
4.599,7.4017,1
-10.991,7.3156,1
-3.8336,13.326,1
15.641,3.1227,1
-4.3907,5.3012,1
13.79,7.4929,1
-11.257,6.7081,1
-5.3015,4.4751,1
-9.6327,-6.8731,1
15.779,1.2477,1
-4.3629,-10.131,1
-6.4578,-9.486,1
9.2915,12.173,1
9.2663,2.7036,1
-4.4603,-3.084,1
15.866,-4.2346,1
-9.0108,10.207,1
-4.9179,-9.823,1
-5.6069,12.396,1
6.3169,13.576,1
12.713,-10.556,1
15.991,-3.0129,1
14.815,-7.2977,1
15.04,-5.5194,1
2.8181,7.8313,1
15.78,-2.4277,1
-3.881,6.3196,1
-5.4092,12.686,1
2.9266,14.49,1
4.8858,-9.0646,1
12.589,8.6637,1
9.4136,-2.5516,1
11.216,10.715,1
8.0964,-5.773,1
-9.926,-6.3373,1
15.38,3.9075,1
14.453,-7.6084,1
11.283,10.613,1
4.5449,13.882,1
15.738,2.403,1
15.733,0.70216,1
9.0249,-3.8609,1
14.992,-6.0772,1
-11.949,4.7244,1
13.164,7.8485,1
-12.024,4.4992,1
-12.21,2.1318,1
12.288,-11.072,1
4.6055,13.98,1
-0.70242,14.371,1
14.875,-6.3215,1
9.9351,-0.87068,1
15.187,-5.4465,1
2.068,-10.37,1
9.6203,-1.9767,1
-8.8194,-7.5597,1
-7.72,10.811,1
2.7533,14.25,1
15.881,-3.6196,1
4.077,7.9115,1
2.8937,8.1554,1
14.847,-7.2655,1
15.259,-6.0564,1
9.1411,2.8205,1
6.8128,13.515,1
16.087,-1.7945,1
-12.324,1.7364,1
7.9774,13.033,1
14.878,-6.5782,1
-11.757,5.0876,1
11.723,9.7123,1
-8.3661,10.368,1
-8.5098,10.584,1
9.434,1.4504,1
-11.865,4.9023,1
-9.2813,-7.0195,1
-7.4877,-8.6068,1
13.45,8.1107,1
13.54,7.4467,1
6.0004,13.475,1
-7.1499,11.246,1
4.2584,14.025,1
-10.153,8.4384,1
3.5932,14.002,1
13.626,-8.893,1
9.4841,-3.5498,1
2.1899,-10.306,1
5.3541,6.7794,1
13.094,-9.5585,1
-6.2778,12.189,1
-5.9823,12.577,1
5.0345,13.86,1
-4.9403,13.258,1
9.5482,1.8609,1
-3.3915,13.748,1
-11.479,6.2379,1
13.42,7.6874,1
12.746,8.5246,1
-2.4421,-4.1289,1
-0.63319,14.027,1
1.835,14.558,1
6.2198,-8.3124,1
4.0002,14.166,1
-8.6678,-7.4485,1
2.7033,14.151,1
-12.096,-0.095871,1
-6.1193,-9.5417,1
-11.904,3.6931,1
-11.948,3.8964,1
8.0022,4.9455,1
-3.5417,6.5122,1
13.688,7.3835,1
-11.791,-2.7643,1
3.4456,-10.088,1
-10.754,-5.1282,1
12.427,9.1197,1
15.043,4.8132,1
-8.4271,10.396,1
6.2316,-8.3227,1
-5.9866,0.034637,1
14.966,-6.0152,1
16.104,-0.33001,1
8.4465,-5.6481,1
15.854,0.4234,1
-12.439,0.008011,1
-0.18389,7.8824,1
0.67829,14.202,1
-10.671,7.2164,1
-10.215,8.4151,1
-8.6207,10.284,1
11.614,9.9647,1
8.6751,3.2426,1
14.272,-8.0494,1
-11.316,5.8798,1
-9.1846,9.7695,1
7.3273,-7.2027,1
-2.6164,13.755,1
1.6839,7.9909,1
-3.1996,13.919,1
11.54,9.8347,1
-2.8086,6.8368,1
15.522,2.5938,1
-12.489,2.0647,1
9.299,12.212,1
-3.5454,13.353,1
-9.2382,-6.8087,1
7.3147,-7.4604,1
-2.6078,14.164,1
14.775,-7.4802,1
5.416,14.009,1
5.6268,13.623,1
15.776,-2.853,1
16.079,-1.0083,1
9.1171,2.7622,1
7.412,-6.758,1
-1.8393,7.6476,1
14.796,5.3146,1
-4.5285,5.4197,1
9.5337,11.941,1
-11.859,-2.7942,1
3.442,14.298,1
9.6947,1.042,1
-0.002747,-10.709,1
-12.076,3.4335,1
-12.485,2.7455,1
-4.7747,12.896,1
-11.334,-4.3674,1
15.924,-0.77139,1
14.762,-6.8436,1
4.9631,13.824,1
-10.023,8.7473,1
13.502,-9.2275,1
15.734,-2.0353,1
5.4719,7.2587,1
8.2021,12.49,1
-0.46165,-11.013,1
2.083,-10.467,1
1.6159,14.297,1
-4.1174,-10.256,1
15.811,-0.22084,1
16.032,0.48469,1
3.5712,7.6518,1
4.0773,7.6534,1
9.7719,0.66156,1
-1.5801,14.029,1
8.8297,12.413,1
-8.7413,10.09,1
-4.2253,-3.3398,1
15.435,-4.1227,1
15.687,0.75637,1
-7.4792,-8.5468,1
-12.433,1.7604,1
-8.5092,-7.346,1
14.877,5.69,1
1.3212,-10.703,1
15.443,2.7916,1
-2.4103,13.901,1
-4.254,5.605,1
-0.51363,-10.774,1
5.4159,13.907,1
3.7569,14.241,1
-2.4305,13.889,1
-8.4635,-7.7674,1
11.938,-11.431,1
-2.069,13.939,1
-10.587,8.0179,1
12.365,-11.017,1
0.83606,8.2899,1
-5.8586,12.695,1
-12.312,0.99285,1
-3.9748,5.9123,1
-12.494,2.1882,1
10.699,10.878,1
-5.1487,12.883,1
-0.88028,7.8844,1
-5.6121,-9.5642,1
10.617,10.914,1
5.4857,7.0308,1
-10.595,7.9448,1
14.958,-6.3935,1
2.7321,14.476,1
14.097,-8.5981,1
-8.0285,10.912,1
2.5902,-10.326,1
-4.0592,5.9129,1
-0.56636,7.9363,1
-6.5995,12.112,1
13.355,8.3486,1
9.813,0.73831,1
3.0315,14.378,1
-12.411,2.815,1
-11.386,-3.4733,1
13.613,-9.2248,1
0.06242,14.441,1
-0.98265,7.952,1
11.537,10.385,1
9.4084,-3.9505,1
15.731,-1.6087,1
9.415,11.915,1
1.8023,14.366,1
-0.34044,14.144,1
14.638,6.0378,1
-1.1233,7.9001,1
-6.182,1.3296,1
15.926,1.9486,1
8.6855,3.1603,1
16.131,-0.89038,1
-11.922,-0.95348,1
4.2313,14.051,1
0.9958,14.539,1
0.68623,-10.846,1
11.011,-12.23,1
0.93681,14.254,1
16.007,-2.9596,1
-10.791,-4.7597,1
14.016,-8.4037,1
6.8775,13.279,1
8.0121,4.4914,1
7.7626,5.0638,1
-11.59,-3.3829,1
-12.317,2.2544,1
13.809,-8.5761,1
15.375,3.6165,1
8.8353,-4.1132,1
-11.321,-3.2196,1
-10.265,-5.5314,1
-4.1721,13.153,1
12.138,9.6523,1
-5.8287,12.302,1
-4.179,-10.12,1
14.725,4.9799,1
9.7291,0.66449,1
-12.31,1.395,1
4.7234,-9.3936,1
11.18,-12.158,1
15.447,-4.0236,1
11.267,-11.819,1
-9.2348,-6.4678,1
15.996,-0.01353,1
-12.138,0.65,1
-2.451,7.3456,1
4.7872,7.3378,1
2.0006,-10.596,1
-3.3482,13.547,1
-8.4146,10.551,1
5.5485,-8.7082,1
-12.286,0.83253,1
-5.7157,2.7365,1
-6.7767,12.12,1
6.35,6.645,1
15.853,1.5385,1
16.05,-0.36764,1
-4.7721,12.949,1
-3.233,-3.7469,1
-12.137,0.28502,1
-7.4062,11.153,1
15.445,3.8231,1
14.834,4.7898,1
-4.9331,12.711,1
4.8236,-8.9295,1
2.5951,-10.124,1
-6.0749,2.8915,1
-6.1108,1.5751,1
-0.52239,8.1188,1
2.9733,14.322,1
-3.6404,13.697,1
2.6618,7.9667,1
3.1048,14.415,1
9.2822,1.2747,1
8.6805,-4.9148,1
13.023,-10.118,1
-12.141,4.5499,1
0.62677,-10.679,1
-2.7902,13.691,1
-0.5155,-10.696,1
-4.9054,13.294,1
11.612,9.9743,1
9.9663,11.367,1
7.4349,-7.0896,1
-3.0158,-10.787,1
-3.1256,6.8952,1
12.401,-10.744,1
-5.2547,-1.7761,1
-10.433,8.2166,1
-1.033,-10.795,1
1.2548,14.418,1
-6.3305,12.247,1
2.3491,7.9405,1
9.8099,-1.1506,1
-5.1643,-9.7557,1
5.1554,13.591,1
-11.66,-3.1161,1
14.555,-7.4063,1
-2.4444,7.2545,1
10.985,10.371,1
4.6814,14.15,1
-11.929,-2.8306,1
-8.9785,-7.0325,1
0.022171,-10.587,1
-12.468,1.9744,1
3.8937,7.6421,1
-9.2065,-7.1315,1
3.0474,-10.003,1
14.958,-6.4293,1
-6.012,-9.4882,1
-12.024,-0.8825,1
-8.5903,-7.4968,1
9.2539,2.057,1
-6.9932,11.767,1
8.1328,4.1042,1
13.988,6.6424,1
15.488,3.6111,1
-5.3254,12.604,1
-1.7996,7.368,1
15.491,2.8915,1
16.021,1.6648,1
-12.014,-0.74218,1
16.021,-3.0036,1
15.023,4.3056,1
-11.898,-2.2888,1
9.6555,-2.6824,1
15.894,-0.4688,1
-12.309,2.247,1
10.636,10.837,1
7.4069,-6.684,1
14.733,-6.9233,1
13.363,-10.058,1
15.566,-4.8913,1
13.385,7.6837,1
-10.129,-5.9213,1
-3.3013,13.486,1
13.657,-9.5836,1
15.79,1.7728,1
13.326,7.6955,1
-3.4275,13.462,1
-3.5155,13.372,1
8.5324,12.636,1
1.9947,14.385,1
-1.9275,7.5507,1
4.1182,14.169,1
4.8426,13.783,1
13.601,7.3233,1
15.429,-5.0511,1
-1.1675,-10.618,1
-5.0922,12.74,1
7.4405,5.2553,1
6.7047,6.0156,1
0.18765,-10.787,1
13.547,-8.8099,1
8.3746,4.3383,1
-5.7548,-0.2158,1
-11.199,6.5768,1
-8.5422,10.419,1
-12.148,-1.0627,1
3.4629,7.8616,1
3.8444,14.341,1
15.366,-4.2648,1
-12.278,-0.89993,1
-11.806,-1.2476,1
4.9981,13.937,1
-10.743,7.2786,1
-0.43484,-10.546,1
5.3471,7.0041,1
10.801,11.008,1
-6.068,1.3534,1
9.7825,-0.33693,1
4.4365,7.7788,1
-12.422,1.9917,1
13.474,7.6836,1
15.381,-4.1735,1
-4.0191,13.345,1
0.93128,8.0047,1
4.6004,14.15,1
13.781,7.2164,1
9.5986,1.9835,1
3.9064,13.976,1
2.3512,14.429,1
15.677,0.7824,1
10.735,10.584,1
-4.6577,-10.191,1
13.349,7.7924,1
15.151,-5.5291,1
8.0347,12.826,1
3.7518,13.93,1
-12.388,-0.72735,1
-9.3041,-6.7985,1
11.311,-12.39,1
3.8529,14.238,1
-11.267,6.674,1
14.42,5.6566,1
4.9483,13.644,1
-8.4283,-7.444,1
11.356,10.402,1
-8.7846,10.269,1
12.543,8.6641,1
-5.9449,0.61621,1
8.453,4.0014,1
5.5336,13.817,1
9.5179,11.876,1
9.2929,2.0486,1
-3.447,-10.179,1
16.192,-1.5004,1
-0.32668,14.304,1
16.092,-0.69567,1
3.0953,14.238,1
-4.486,-10.025,1
7.3651,-7.5145,1
13.575,7.4231,1
-11.986,4.7636,1
3.2109,-10.079,1
-5.8447,-9.901,1
-9.4564,-6.7315,1
-1.2657,-10.778,1
-3.2665,6.4694,1
16.09,-1.4758,1
9.8713,-1.7734,1
16.033,1.8781,1
-12.231,0.26727,1
2.6598,8.2055,1
-9.7586,8.7224,1
13.914,7.3481,1
3.973,-9.9678,1
-4.4022,13.288,1
11.597,-11.94,1
16.033,-0.16803,1
-9.9587,8.8468,1
14.925,-6.1386,1
9.0519,11.876,1
-5.9653,-9.4532,1
-11.029,-4.8355,1
13.181,-9.7696,1
9.4715,-2.742,1
-8.379,10.73,1
3.7301,-10.084,1
12.514,8.6515,1
-5.9809,12.461,1
-1.6094,13.96,1
9.7017,-2.3587,1
-10.875,-4.5862,1
0.69945,-10.891,1
11.77,9.9998,1
-10.278,8.3193,1
15.687,2.6927,1
11.815,10.046,1
3.3978,-9.8977,1
-1.8629,-10.707,1
-12.354,3.5878,1
7.0446,-7.1462,1
0.27851,8.296,1
9.655,-3.2642,1
8.5263,-5.2745,1
-11.708,4.3873,1
15.681,-3.3643,1
-11.916,3.5024,1
-3.7517,13.4,1
-12.539,1.0753,1
9.3097,-4.4062,1
5.6873,13.788,1
1.1806,-10.79,1
8.7118,-5.0693,1
7.0453,5.3167,1
9.1697,2.1865,1
-3.191,6.623,1
-8.5103,-7.4831,1
15.343,3.057,1
-5.871,2.3433,1
12.105,-11.078,1
13.745,7.0997,1
1.4112,14.252,1
13.485,7.4739,1
-12.106,4.0793,1
6.6159,13.542,1
4.4445,13.84,1
4.8097,-9.1767,1
-6.8965,11.768,1
10.15,11.175,1
14.618,-7.2491,1
8.9798,-4.7751,1
-9.7615,9.1428,1
-11.269,6.044,1
-6.3281,1.8725,1
3.1345,14.073,1
0.13176,7.8177,1
9.2862,-3.4359,1
5.9306,6.6385,1
-1.1222,14.095,1
-0.38919,14.172,1
-1.3198,14.412,1
6.3622,-8.1282,1
15.12,-6.5994,1
15.455,2.6462,1
-8.8976,-7.0225,1
-8.1785,10.635,1
-2.9218,-10.691,1
13.122,8.3625,1
-12.543,0.41184,1
15.467,2.3991,1
-3.6643,13.626,1
-9.1965,9.6383,1
12.918,8.5523,1
-10.37,8.3276,1
9.938,-0.90428,1
-10.917,6.7956,1
2.6281,14.132,1
14.888,4.4006,1
-11.93,-1.2177,1
1.6713,8.352,1
-9.4185,9.6909,1
-11.318,-3.6064,1
-10.713,7.9562,1
-9.6228,9.2183,1
-7.1813,11.853,1
2.6421,14.144,1
-1.6161,-10.607,1
-11.382,-3.9809,1
14.681,5.8628,1
-5.8415,12.576,1
-3.8534,-10.263,1
-0.72326,-10.983,1
6.0294,6.9475,1
5.8767,13.657,1
13.574,-9.2103,1
9.4337,1.0838,1
5.6335,13.614,1
2.7806,-10.389,1
9.5063,0.06364,1
-0.83933,7.7348,1
15.793,-3.617,1
14.163,6.0253,1
-12.401,-0.98156,1
15.178,-6.1505,1
8.3556,4.0051,1
7.9578,12.468,1
3.6064,14.337,1
14.748,-6.1105,1
12.148,-11.011,1
-10.462,-5.3511,1
-5.853,-9.5489,1
-1.753,-10.56,1
15.786,0.67876,1
-1.3045,7.6436,1
-10.632,7.772,1
-11.173,6.3937,1
7.1632,12.85,1
5.6201,-8.8658,1
14.706,5.7677,1
6.7944,6.0684,1
2.284,7.9961,1
14.299,5.6985,1
-4.2362,-10.174,1
-11.356,-3.8656,1
12.569,8.7993,1
15.929,-1.0549,1
14.824,-6.7408,1
-9.8749,9.0201,1
-9.899,9.1325,1
15.887,-1.7491,1
13.133,8.1351,1
15.485,-4.6725,1
-1.3448,7.9414,1
-11.572,5.4613,1
15.319,-4.8019,1
-7.7727,-8.1638,1
9.1407,1.8181,1
12.896,-10.253,1
11.134,-12.314,1
1.4001,14.391,1
-7.4321,11.474,1
-11.781,-2.0724,1
-11.259,-4.3427,1
-9.8737,-6.0427,1
11.512,-11.764,1
-2.0355,-10.798,1
9.851,11.734,1
-3.696,13.7,1
-10.229,8.296,1
15.455,-4.0793,1
-0.69488,-4.7395,1
-7.5026,-8.6267,1
-11.918,-1.4903,1
6.0768,-8.3229,1
6.8789,13.455,1
-8.5187,-7.6022,1
4.8118,14.004,1
6.9353,-7.1321,1
-3.7291,6.6813,1
3.6263,-9.8291,1
-6.406,12.098,1
16.077,-0.047773,1
2.2929,8.0328,1
-12.03,4.6647,1
13.313,-9.0755,1
13.425,-9.3365,1
15.375,-5.6904,1
-9.017,9.7251,1
14.369,-7.8457,1
-1.6556,-10.525,1
13.211,8.1439,1
14.612,-7.6925,1
15.137,-5.6356,1
9.1951,-3.5531,1
9.1494,12.322,1
14.331,6.5151,1
-5.2684,-9.5607,1
-12.462,-0.3583,1
15.429,-4.3143,1
12.406,9.0015,1
11.272,-11.983,1
12.862,-9.752,1
10.689,11.054,1
3.2364,7.9036,1
-12.386,2.7955,1
15.7,-2.4802,1
12.109,9.6876,1
-4.5341,-10.234,1
-3.8894,13.504,1
-7.109,11.905,1
-12.203,3.7396,1
-6.7521,-8.9922,1
15.851,-0.58661,1
-11.937,-2.3974,1
12.943,-10.22,1
10.698,11.061,1
-1.2214,-10.983,1
3.6446,14.134,1
-11.516,-3.6727,1
-8.8641,9.6388,1
-12.562,0.87152,1
-2.2742,14.085,1
15.367,4.4189,1
-11.665,5.4752,1
10.06,11.54,1
1.4191,14.605,1
8.2412,-5.5294,1
7.8399,-6.616,1
-3.8014,13.687,1
3.6062,-9.8207,1
4.4037,-9.6377,1
-9.1014,9.5037,1
-11.659,4.9295,1
6.9042,13.3,1
-2.0154,-10.487,1
13.977,6.8344,1
-8.1312,-8.1626,1
14.821,5.3765,1
16.189,-1.2347,1
-6.3262,12.437,1
-11.438,-3.8579,1
15.599,3.4899,1
15.399,3.2092,1
-4.5945,-2.9132,1
1.2179,7.9548,1
7.7185,-6.81,1
15.755,-1.5897,1
-8.555,10.561,1
-6.0269,-9.6802,1
-11.859,4.9612,1
4.4966,-9.5374,1
-6.6489,12.116,1
-4.9021,-9.7752,1
11.051,10.31,1
15.972,-0.75662,1
-2.4235,7.2119,1
-11.722,5.0179,1
-6.7324,11.521,1
-12.178,2.7576,1
15.268,3.451,1
15.224,-5.164,1
6.4128,6.1137,1
6.682,-7.5009,1
13.325,-9.982,1
-8.4761,-7.4034,1
5.8552,6.5724,1
-3.3195,13.504,1
4.0411,14.356,1
14.864,4.5028,1
-10.603,-4.6441,1
13.926,-8.1484,1
11.847,-11.474,1
11.379,10.559,1
3.9535,14.403,1
15.305,3.7547,1
8.7617,12.139,1
-8.2799,10.213,1
-1.5622,13.92,1
13.015,-10.492,1
-1.7414,14.314,1
-3.9878,-10.537,1
-11.411,5.9895,1
-5.8138,-0.97108,1
9.5229,0.052045,1
10.59,11.23,1
-8.7344,-7.8688,1
14.472,-7.6443,1
-0.016477,7.93,1
6.7849,5.6893,1
5.7159,7.1713,1
-2.9473,13.703,1
-1.6283,14.344,1
11.718,-11.403,1
13.475,7.4029,1
7.7358,5.1237,1
4.7388,-9.2599,1
10.977,10.637,1
-4.7473,5.4592,1
-9.1462,-7.3309,1
6.1757,13.31,1
7.6074,12.818,1
-5.9219,3.1829,1
-4.6563,13.125,1
-9.6421,8.6717,1
-11.225,-3.5558,1
1.6791,-10.607,1
-1.5949,-10.69,1
-1.3503,14.058,1
-1.6641,-10.671,1
15.982,-2.6579,1
-8.5248,10.668,1
15.852,-2.0935,1
-12.044,-0.46917,1
-1.0728,14.031,1
2.3121,-10.153,1
8.8635,-4.2797,1
15.22,-5.2394,1
14.619,5.2706,1
15.942,-2.8705,1
12.334,9.4431,1
5.5163,-8.5751,1
-0.20534,-11.005,1
3.7084,14.042,1
7.7282,5.1815,1
12.825,-10.123,1
9.6775,-0.65663,1
-11.324,-3.2262,1
8.34,-5.5335,1
9.1811,2.0829,1
-5.9203,1.9396,1
4.3167,7.3551,1
-12.435,-0.7521,1
-1.0454,14.364,1
2.2478,14.319,1
-6.0698,0.34139,1
2.6295,8.0236,1
12.347,9.3002,1
-3.7873,13.337,1
-4.6845,-10.082,1
-3.3414,13.527,1
-4.0821,5.8643,1
-11.815,5.1344,1
14.973,4.4279,1
-6.017,1.609,1
-9.9637,8.9241,1
11.305,9.8904,1
11.396,10.186,1
5.8002,6.8132,1
-12.249,-0.41814,1
15.595,3.4013,1
14.977,4.0795,1
15.107,-5.5006,1
-6.1434,12.63,1
-5.6777,-0.90585,1
8.6654,-5.0777,1
14.788,5.2957,1
-7.3638,-8.7305,1
8.4235,4.1402,1
8.4186,4.0477,1
13.441,7.3254,1
-10.044,-5.5627,1
10.526,10.973,1
9.9013,-0.21954,1
-12.087,2.3996,1
3.0713,-9.9127,1
-2.3767,-10.448,1
15.643,-3.3064,1
12.574,-10.075,1
-5.6203,3.1617,1
-6.6031,-9.2476,1
15.718,-2.7346,1
15.898,-1.5156,1
12.8,9.0349,1
14.598,-6.7965,1
-8.7994,9.9082,1
9.5748,-2.7657,1
15.939,-2.2845,1
6.2601,13.213,1
-12.345,-0.24093,1
9.9088,-0.81809,1
-12.355,0.53884,1
13.973,-8.4182,1
6.3509,-8.2344,1
8.2156,12.547,1
-3.4072,13.427,1
8.498,12.432,1
0.035946,14.443,1
-2.6214,-10.444,1
-2.6071,13.686,1
-6.9508,-9.1609,1
6.3269,6.5425,1
1.4685,14.31,1
-10.699,7.3933,1
10.146,11.332,1
13.528,-9.7196,1
12.674,-10.549,1
-1.8677,14.304,1
0.015347,14.198,1
-9.7129,-6.5736,1
11.794,-11.407,1
9.391,-3.6845,1
7.3713,12.908,1
7.4971,5.2238,1
-9.4026,9.4738,1
-11.901,3.7983,1
6.7179,-7.7077,1
-11.924,3.9281,1
15.888,1.6096,1
7.9751,-6.6866,1
-12.268,-1.3014,1
7.8923,12.664,1
16.071,-1.0974,1
13.275,8.1619,1
7.7634,-6.6093,1
1.9913,-10.505,1
15.53,-4.3775,1
-11.24,6.0513,1
-12.587,0.57628,1
8.3028,-6.2789,1
-1.2717,-10.627,1
13.532,7.821,1
-0.15338,-10.679,1
15.855,0.83281,1
-6.068,-0.067349,1
7.9875,4.9616,1
-5.8178,-9.7048,1
-11.303,-3.7934,1
16.094,-0.37599,1
4.7658,7.4283,1
-6.6247,11.835,1
5.1725,-8.8139,1
-4.3919,-2.8715,1
-5.6166,3.7733,1
-12.282,1.2188,1
1.8136,14.329,1
9.7992,11.514,1
-1.1388,14.067,1
9.6587,0.74604,1
3.7877,7.5395,1
11.441,-11.776,1
5.978,-8.695,1
5.1159,13.776,1
-1.8491,7.7917,1
-5.9978,-0.0094971,1
-8.8132,10.172,1
-10.1,-5.653,1
2.3609,7.8775,1
-4.3936,-3.4296,1
9.0306,2.2537,1
-11.991,3.7491,1
9.5085,1.7113,1
6.8746,13.194,1
13.252,8.2523,1
7.3778,-7.1806,1
-10.506,7.5532,1
15.911,-3.8454,1
16.055,1.6078,1
-5.8469,12.641,1
-2.1613,-10.745,1
0.15211,-10.752,1
-6.9002,11.861,1
-5.7386,-0.76351,1
-6.6435,12.002,1
3.8294,13.969,1
-11.498,-3.9709,1
-10.294,-5.5388,1
-6.5663,-9.2012,1
-4.628,-10.28,1
14.536,6.222,1
7.3633,5.3213,1
2.5192,-10.423,1
-8.4739,10.907,1
15.736,0.97655,1
-11.948,-1.6439,1
15.974,-3.3046,1
4.5639,14.133,1
-3.0246,13.538,1
-12.576,0.53663,1
-7.4697,-8.3463,1
0.49592,14.586,1
15.067,-5.858,1
-3.4441,6.3854,1
-2.1983,-10.899,1
-12.356,-0.5678,1
16.053,-0.032829,1
15.833,1.2776,1
-5.6002,12.565,1
-5.4623,12.592,1
-3.7711,5.9014,1
15.522,2.6619,1
15.691,1.6729,1
12.608,9.1157,1
15.725,-4.5197,1
9.653,-3.0685,1
-9.592,8.9073,1
3.2942,-9.9649,1
0.0089664,7.9642,1
15.739,-1.4846,1
0.55833,14.645,1
-5.453,3.6736,1
0.33574,-10.768,1
-11.043,-3.9414,1
-11.397,6.0483,1
-1.6835,7.7829,1
15.695,2.5742,1
12.415,-10.961,1
11.242,10.596,1
-11.192,6.9177,1
9.3447,-3.5301,1
15.725,0.90046,1
0.79871,7.9755,1
4.8652,14.086,1
-4.235,13.261,1
-10.513,7.9266,1
-2.8203,-10.753,1
-0.92614,7.7003,1
-4.8271,-10.176,1
6.1516,13.79,1
15.745,2.4926,1
-2.6019,13.771,1
-3.5184,6.4602,1
-2.8467,6.9718,1
7.0947,13.371,1
15.776,-3.572,1
10.702,10.917,1
-12.025,4.8616,1
15.307,-5.2032,1
-8.6019,10.338,1
9.7235,-2.6971,1
-7.9183,-8.5977,1
14.798,-6.1877,1
-8.2278,-7.8426,1
14.743,-7.0442,1
-0.84616,-10.752,1
14.191,6.879,1
-0.98684,7.8676,1
13.704,-9.2044,1
4.9129,-9.281,1
-1.6119,14.108,1
-3.7403,13.693,1
-11.932,4.2036,1
5.7919,13.719,1
8.6412,3.0993,1
-10.896,-3.9447,1
-12.114,2.8841,1
-4.9054,13.18,1
7.9345,12.559,1
-4.7384,-2.6329,1
9.0497,2.4148,1
-8.4102,-7.819,1
8.3338,-5.9505,1
-2.9497,-10.737,1
9.6417,1.4964,1
6.5586,6.2229,1
-12.007,4.8921,1
10.851,10.776,1
-12.424,2.5022,1
-7.0007,-8.7687,1
15.664,-2.8912,1
-0.64946,14.214,1
-7.7362,11.335,1
-6.3255,12.414,1
-9.5563,9.1945,1
-10.445,-4.9494,1
9.5489,-1.8274,1
14.922,-6.5822,1
8.3371,12.547,1
-12.032,3.8231,1
-2.7105,-10.416,1
15.646,2.9892,1
12.816,8.1852,1
14.353,-7.8182,1
2.7971,-10.217,1
14.265,-7.6501,1
11.259,-12.3,1
-4.6948,13.315,1
-2.6713,13.897,1
13.995,-8.0501,1
-12.484,0.86966,1
-6.5674,12.05,1
-12.321,3.9822,1
7.8137,4.801,1
16.108,-2.0534,1
15.77,0.45083,1
16.178,-1.2444,1
-12.417,2.3378,1
-9.662,-6.4007,1
14.459,-7.1318,1
-5.2714,4.7676,1
15.84,0.08396,1
15.55,2.4545,1
-12.29,2.2157,1
13.509,7.4823,1
-12.001,3.2171,1
8.2431,4.1031,1
14.004,-7.9659,1
9.5271,1.2449,1
-4.5669,13.195,1
-5.1007,13.201,1
3.3172,14.08,1
-12.369,2.0628,1
-11.537,5.316,1
-5.9145,12.23,1
15.598,1.7511,1
-11.488,6.02,1
15.554,-5.4881,1
-12.44,2.0122,1
15.908,-2.27,1
-9.2698,-6.9284,1
13.054,-10.511,1
-4.3098,6.0913,1
-12.554,0.19421,1
-8.4464,10.482,1
-12.084,3.7937,1
13.605,-9.3742,1
6.1337,-8.1973,1
7.4068,-6.8548,1
-11.099,-3.8526,1
15.879,0.14433,1
-11.673,5.775,1
-6.778,-8.99,1
14.948,-5.9228,1
15.57,1.7711,1
-12.424,0.19633,1
13.563,-9.2548,1
10.274,11.415,1
13.45,7.6514,1
-0.71319,-10.803,1
15.264,-6.1103,1
9.4416,2.3419,1
15.536,-4.1347,1
-4.9145,13.162,1
-12.178,-1.529,1
15.874,-0.076399,1
-8.1878,-8.0705,1
-4.7625,13.36,1
-7.8908,-8.6463,1
-5.4514,3.8161,1
6.7012,13.434,1
0.29123,-10.888,1
12.084,9.6342,1
-10.839,-4.7264,1
-4.9172,12.981,1
11.693,-11.968,1
15.34,4.0902,1
4.9276,-9.0294,1
2.4553,14.262,1
-4.176,-10.469,1
4.2606,-9.6384,1
4.7819,13.986,1
4.3935,14.185,1
5.6886,-8.7058,1
12.033,-10.953,1
7.6471,4.8236,1
9.5106,12.137,1
8.5228,-5.1222,1
5.148,13.913,1
-12.296,2.644,1
-10.201,-5.6542,1
-1.437,7.831,1
14.136,6.8331,1
1.1771,8.0718,1
-12.008,4.8406,1
10.988,10.412,1
-1.1183,14.036,1
14.85,4.9228,1
7.9495,4.2717,1
15.453,3.4035,1
8.5337,12.676,1
8.983,2.8653,1
2.1237,8.1437,1
-11.821,-2.2034,1
5.6202,6.7536,1
15.909,0.81802,1
-9.1116,-6.9904,1
9.5407,-3.7524,1
-10.547,7.5908,1
15.529,-4.5291,1
-4.899,5.0408,1
6.112,6.2176,1
-8.6363,10.343,1
-12.218,4.0234,1
-4.7198,5.0967,1
-4.5915,13.01,1
14.705,5.2428,1
15.726,-4.0064,1
15.671,3.0791,1
7.0097,13.072,1
-6.7128,12.201,1
13.824,-8.5114,1
-11.644,-2.6373,1
13.485,7.9247,1
-5.4478,-9.5481,1
-4.1266,6.0837,1
11.768,9.7181,1
-10.137,8.4579,1
9.8986,-1.0629,1
6.5687,13.403,1
15.761,3.0818,1
9.6123,-0.81549,1
15.795,-2.3007,1
6.3616,13.555,1
-7.9574,10.761,1
15.673,1.4593,1
-12.473,-0.14285,1
-8.3115,10.48,1
7.3664,-7.364,1
-11.336,5.6872,1
15.428,-4.7593,1
15.973,1.8582,1
9.3008,1.449,1
-11.917,3.4749,1
15.059,-5.6845,1
15.852,1.4065,1
15.482,2.5824,1
4.1549,14.049,1
-12.188,-0.18861,1
6.3963,-8.4055,1
9.6956,-0.36665,1
15.59,-5.0995,1
-12.287,-1.1056,1
13.681,-9.3684,1
6.3786,-7.82,1
-5.3983,-2.0704,1
-4.4506,5.5451,1
9.2031,-2.8761,1
-11.702,4.7184,1
-7.9357,10.936,1
-5.6779,-0.6824,1
7.6708,12.812,1
-5.3804,12.513,1
8.3744,12.431,1
-5.8608,3.7768,1
10.114,11.462,1
-4.4935,-10.334,1
7.8778,12.71,1
-9.9517,-6.0706,1
4.072,-9.4519,1
-5.1629,12.785,1
16.054,0.28604,1
-10.568,7.8638,1
11.366,-11.929,1
12.52,8.6224,1
15.628,-3.362,1
-12.595,1.7554,1
6.5833,13.382,1
3.1773,14.492,1
8.6879,-4.9462,1
15.88,0.28142,1
-6.858,11.58,1
14.031,-8.3317,1
-6.5806,-9.2525,1
2.2986,-10.23,1
11.835,9.9779,1
0.48197,7.9342,1
-4.0303,13.299,1
3.6997,14.043,1
9.7677,-1.1831,1
-12.265,0.013344,1
10.614,10.703,1
-7.7849,-7.9772,1
0.30304,-10.786,1
15.189,-5.937,1
-1.7351,14.154,1
-7.9993,-8.1991,1
15.696,1.1353,1
12.982,8.3387,1
-2.7075,6.9392,1
-10.549,7.8576,1
-8.3758,10.76,1
-8.2562,-8.0367,1
-12.109,3.1536,1
14.529,-7.4788,1
-7.7089,-8.7024,1
-5.1668,-1.6497,1
-4.3349,13.524,1
15.023,-5.8119,1
-11.257,5.9372,1
-5.3295,-9.8341,1
-4.2525,13.184,1
-1.6965,-10.611,1
9.0753,2.9317,1
-10.426,7.8249,1
15.838,-0.89995,1
-8.5282,-1.7675,2
-0.65477,11.228,2
3.6329,-13.391,2
12.692,-0.14838,2
-14.779,-3.3818,2
0.88406,11.196,2
-4.5353,-6.5721,2
-3.2537,-13.459,2
7.1198,9.6678,2
12.627,0.38463,2
-7.3365,-4.3809,2
-12.198,11,2
6.2031,1.4859,2
5.8378,-3.4565,2
2.5175,-6.755,2
12.465,1.897,2
-11.545,-9.1596,2
-11.124,11.991,2
-5.8933,8.7946,2
6.1663,-11.971,2
-8.4524,4.1754,2
-15.542,3.437,2
-8.3887,-12.082,2
-8.5867,-2.285,2
-11.618,12.038,2
-9.2796,-11.119,2
-1.0816,10.865,2
11.394,-7.0482,2
-12.8,9.8747,2
-15.495,0.67686,2
-12.683,-7.8419,2
-0.29737,-13.924,2
2.7128,-6.6031,2
9.3583,-9.5173,2
-8.056,5.5096,2
-4.589,9.6082,2
10.718,-7.7729,2
-15.348,-2.0364,2
12.669,1.0686,2
-10.468,13.115,2
-14.197,-4.6355,2
-14.756,-2.9642,2
-8.3786,-11.505,2
-13.277,-6.4213,2
-15.125,3.7246,2
-8.2015,5.3309,2
12.338,-4.6763,2
9.4179,8.0527,2
-15.267,3.8696,2
-9.3042,-11.223,2
-14.411,-4.1624,2
-11.316,12.259,2
2.9163,11.254,2
-12.472,10.628,2
0.22433,-7.5349,2
-12.987,-6.7865,2
6.5876,-11.949,2
12.351,1.8267,2
6.6933,-1.7031,2
-10.327,-10.063,2
5.5286,10.194,2
-15.227,2.8475,2
-8.3155,5.5692,2
12.943,0.20085,2
-4.9159,9.2646,2
6.3911,0.12913,2
-14.839,-2.5607,2
7.0097,9.5089,2
-15.258,1.6235,2
-4.47,-7.01,2
-10.816,-9.5127,2
12.56,2.6493,2
11.732,-6.328,2
-12.07,-8.7157,2
-7.0076,-4.57,2
1.0049,-13.851,2
-9.1194,3.1919,2
-12.113,-8.6178,2
1.4537,11.513,2
6.9809,-11.827,2
-15.094,4.751,2
12.932,-1.9658,2
-15.541,-1.0593,2
-12.322,-8.0999,2
12.747,-2.179,2
-14.618,5.8147,2
-1.5593,-13.87,2
-14.945,5.3869,2
12.233,3.827,2
-14.598,6.9863,2
9.5573,-9.1707,2
-3.2936,-13.53,2
12.493,1.333,2
-14.264,7.2086,2
-14.261,-4.6245,2
-15.257,0.22224,2
-2.1782,-13.885,2
9.4092,-9.9509,2
11.42,4.6471,2
11.243,5.3016,2
-6.3474,-5.1419,2
12.838,0.96459,2
-15.454,2.6811,2
1.3172,11.251,2
-11.403,-9.5662,2
-1.4528,10.993,2
-15.638,2.162,2
9.5165,7.4428,2
-0.82592,-7.6052,2
-12.525,-7.6147,2
-5.2824,8.9355,2
-7.8716,-12.273,2
5.2895,-12.746,2
9.3367,-9.5664,2
-5.3536,-13.076,2
-14.552,5.7658,2
8.2574,-10.7,2
0.56167,-7.3942,2
-9.9876,-10.464,2
11.038,6.2133,2
8.2367,-10.872,2
-8.073,5.4266,2
-10.967,12.773,2
-14.325,-4.157,2
-0.33453,11.026,2
12.938,-2.9233,2
-12.5,-7.8234,2
-6.7565,-12.543,2
8.6505,-10.146,2
-1.11,-13.715,2
-13.427,9.254,2
-15.633,1.4228,2
-12.474,10.517,2
-13.491,8.6356,2
-14.785,-3.5647,2
-15.516,-0.76555,2
-8.9755,-1.0699,2
-12.206,11.096,2
5.6163,-12.528,2
-11.488,-9.0823,2
-0.73365,-14.049,2
-15.391,-0.65977,2
12.321,2.0093,2
12.018,2.9741,2
-13.225,-7.0407,2
11.259,-6.9306,2
-2.8729,-13.626,2
-14.329,-4.2677,2
-8.9547,-0.4132,2
11.76,-5.3924,2
-0.96661,-13.98,2
9.1037,8.0002,2
-15.422,0.63715,2
10.361,-8.8248,2
-4.7539,-13.526,2
-5.1667,-6.466,2
-15.47,-1.0399,2
12.799,0.24489,2
5.0482,-12.52,2
-10.323,-10.065,2
8.8996,8.2999,2
12.978,-1.8563,2
-2.056,-13.918,2
12.525,-3.8341,2
10.34,6.5042,2
-14.505,6.0587,2
-6.8303,7.9009,2
9.7054,7.4709,2
-10.442,12.842,2
-9.3273,-11.236,2
9.5397,7.6647,2
10.737,-7.6215,2
6.0817,-12.244,2
-12.805,9.9471,2
-11.6,-8.8705,2
-8.3998,-2.9072,2
8.4869,-10.121,2
-12.95,-7.164,2
-13.654,8.3594,2
-4.3079,9.9304,2
-4.8233,-13.324,2
-15.108,-0.71346,2
-15.458,-0.63401,2
12.836,1.3345,2
0.43337,-7.5742,2
1.4137,-13.569,2
12.389,2.4431,2
5.3653,-4.4708,2
-2.7335,10.259,2
7.9169,8.9492,2
10.936,-7.4938,2
7.4343,9.5972,2
-0.92508,11.277,2
-8.8383,-11.49,2
-6.8085,-12.75,2
-12.57,10.323,2
-13.284,9.2628,2
-6.8892,-12.536,2
-15.256,4.2697,2
-15.619,1.2924,2
12.42,-3.7384,2
4.8147,-5.2808,2
-14.718,-3.1324,2
-15.421,-0.10515,2
-0.67523,11.136,2
-10.097,-10.279,2
8.7777,-10.156,2
1.9029,5.0912,2
-6.4178,-5.1264,2
-12.361,10.868,2
-13.991,7.9771,2
1.346,-13.697,2
-15.5,1.778,2
-7.3158,-12.271,2
-11.21,12.002,2
-13.992,8.0228,2
12.341,3.6885,2
-8.2836,-11.906,2
-12.993,10.043,2
12.356,2.327,2
8.8437,8.6116,2
-13.242,-6.7232,2
-9.4318,0.27435,2
-12.762,-7.4496,2
3.634,-6.4968,2
6.4683,1.1643,2
3.3951,10.905,2
1.739,11.047,2
6.1401,-3.1988,2
-3.2144,-13.477,2
-14.727,-3.0435,2
6.462,-11.61,2
-15.349,3.7209,2
-11.033,-9.6049,2
12.491,-3.2978,2
3.9732,-5.9712,2
-0.078983,11.26,2
-15.281,4.6281,2
-3.9645,-13.684,2
4.4816,10.78,2
-15.315,1.5075,2
-2.7606,-13.781,2
-8.3842,5.0873,2
2.4,-6.926,2
-3.6425,-13.691,2
9.8325,-9.1155,2
1.9978,-13.571,2
-14.785,-2.5826,2
-13.908,8.6681,2
-1.5057,-14.029,2
7.0669,9.9954,2
-9.1371,1.6647,2
12.804,-0.82875,2
-8.9944,2.0133,2
-4.1252,-7.0171,2
10.439,6.6299,2
-14.537,7.2783,2
0.97319,11.465,2
9.4639,-9.6216,2
-14.277,-4.9643,2
-13.074,9.7839,2
6.692,-1.4766,2
12.392,-5.1372,2
12.308,-4.9044,2
-0.76708,10.994,2
-3.1034,-7.3269,2
9.1072,8.0872,2
5.0529,3.0998,2
-11.998,-8.7069,2
11.966,-4.7629,2
10.9,-7.1624,2
-1.6309,-13.945,2
0.16116,11.009,2
-13.604,-5.9718,2
-9.1428,3.0586,2
12.478,1.1718,2
-9.3028,-10.919,2
13.088,-0.34823,2
5.9497,9.9845,2
6.4478,9.8167,2
-9.4578,0.78933,2
-9.0032,-0.65312,2
6.332,10.272,2
9.1888,7.974,2
1.319,-7.4385,2
-1.4048,-13.791,2
-6.8704,8.0344,2
11.432,4.7696,2
-14.543,-3.7474,2
-0.4691,11.121,2
-6.359,8.1882,2
2.8487,11.038,2
9.9905,-8.9129,2
-11.933,-8.931,2
9.056,8.2081,2
9.4643,7.8699,2
-5.9572,-5.6266,2
4.6078,-12.904,2
-8.2205,5.6278,2
-1.7956,-7.4319,2
11.835,3.9551,2
-15.334,2.7664,2
12.7,-3.6592,2
-6.9844,-12.246,2
5.813,-3.1767,2
-9.2156,2.9976,2
-3.9339,9.9998,2
-7.1073,-4.6379,2
-14.87,5.3968,2
13.066,0.045171,2
5.0746,10.718,2
7.6723,9.1014,2
5.3356,10.552,2
-8.5679,3.9298,2
5.9471,10.181,2
-14.997,4.7997,2
11.875,-5.4433,2
-11.048,-9.8416,2
-15.016,5.5768,2
12.521,0.82315,2
7.6823,-11.027,2
-15.684,0.64979,2
10.742,6.2471,2
-0.51478,-13.878,2
-4.2612,9.6187,2
-11.533,-8.8888,2
-15.676,1.5086,2
-14.783,5.622,2
-14.969,5.0811,2
-8.8385,-11.17,2
-0.57005,-13.749,2
10.595,-8.2566,2
-15.251,-0.25009,2
8.6007,8.5778,2
11.489,-6.6721,2
-15.304,4.8177,2
8.2437,-10.457,2
-1.7831,10.656,2
-5.3344,8.9221,2
-4.1736,-13.329,2
3.4766,-6.7632,2
-14.661,-3.5095,2
-7.2882,-4.2829,2
9.0427,8.0254,2
1.0504,11.468,2
-1.4058,10.807,2
-8.0972,6.0347,2
-0.16756,-7.5021,2
1.4315,11.135,2
-1.4929,-7.7642,2
-1.7876,-13.829,2
12.161,-5.0391,2
-14.029,8.3153,2
0.8667,-13.632,2
12.54,-2.6147,2
-9.3838,-0.31486,2
-13.642,8.8376,2
-5.9868,-5.9929,2
6.7364,-1.2119,2
4.9108,-12.69,2
12.703,0.19984,2
-12.017,-8.5737,2
-0.79717,-7.5712,2
-12.007,-8.5304,2
12.386,-4.4914,2
-7.4355,6.9118,2
-14.439,6.9937,2
2.5611,11.046,2
11.84,-5.0028,2
-15.091,4.0716,2
-9.2088,2.9881,2
-11.192,-9.1332,2
6.3171,0.22645,2
11.999,-5.7109,2
-15.354,2.7768,2
6.8417,-1.0534,2
3.5255,-13.152,2
-3.7093,-13.487,2
-8.7142,-1.2286,2
-14.242,-4.5017,2
-13.318,-7.1197,2
-15.552,-0.57104,2
-8.3064,5.0116,2
6.4308,-12.106,2
-3.3037,-13.733,2
4.8833,10.82,2
12.141,3.4239,2
-4.0676,9.7332,2
3.9451,-6.0534,2
-2.5325,-7.2431,2
1.096,-13.907,2
-6.3569,-5.4816,2
1.0128,-7.3138,2
-12.619,-7.523,2
2.5313,4.9646,2
-2.5582,-7.4857,2
-12.389,-7.7035,2
-7.9025,-11.983,2
-1.822,-7.5155,2
-11.33,-9.1394,2
0.19438,11.323,2
2.1074,11.323,2
-8.7329,-11.662,2
-15.608,0.061365,2
11.508,-5.8527,2
-15.395,-1.5189,2
3.5945,11.096,2
11.674,-5.4113,2
10.424,-8.3303,2
12.201,2.9219,2
10.014,-9.0317,2
-12.403,-7.6654,2
2.4514,-13.411,2
1.6795,-13.868,2
-7.5138,6.9252,2
1.4745,-13.806,2
4.3409,10.683,2
5.2672,-12.799,2
-8.4709,-1.8836,2
-3.4325,-7.4302,2
8.852,-9.8898,2
-10.696,-9.6526,2
3.1207,-6.8179,2
4.1839,10.889,2
-2.4431,10.866,2
-0.89891,11.295,2
-13.748,8.5177,2
5.0893,3.2198,2
-14.552,-4.0008,2
7.3039,9.5934,2
-6.9402,-12.751,2
6.7885,-0.071967,2
-13.676,-5.475,2
10.339,7.1657,2
2.7315,11.389,2
-9.1718,1.8306,2
9.364,-9.4252,2
6.4151,-1.9249,2
9.0152,8.2657,2
-11.686,-9.0117,2
11.294,-7.0111,2
2.9936,-6.9959,2
0.34517,11.27,2
-2.1437,-13.847,2
7.6255,9.1723,2
-3.0479,10.613,2
-11.219,12.178,2
-13.789,-6.1549,2
-15.51,-0.49497,2
2.6273,-13.539,2
-10.528,-10.172,2
-1.9868,-7.4197,2
5.7713,10.252,2
-3.5119,-7.1923,2
-14.94,4.9703,2
5.9306,-12.13,2
-8.5402,-2.0265,2
-12.185,10.867,2
-7.0847,-4.4979,2
4.8019,-12.824,2
8.8731,-10.096,2
-13.368,9.3088,2
0.47062,-13.921,2
-12.48,10.855,2
10.603,-7.6393,2
4.8459,-5.0953,2
-6.7171,-12.849,2
5.3609,-4.3491,2
-15.304,1.5302,2
-8.7995,-1.3687,2
-8.0071,6.212,2
-1.2434,-14.152,2
2.4471,-6.7794,2
-8.6278,5.0966,2
-15.312,-2.0886,2
-9.0854,3.5352,2
8.459,-10.276,2
-3.3452,-13.738,2
-11.91,-8.6425,2
-9.1726,1.0425,2
11.992,3.9501,2
1.7764,11.233,2
-14.326,7.2729,2
-4.5139,-13.574,2
8.9956,8.4114,2
-3.5739,10.38,2
7.2632,-11.625,2
-6.3022,-12.469,2
13.071,-1.0083,2
-11.576,-8.694,2
-10.022,-10.664,2
-3.1581,10.429,2
-13.284,9.5867,2
7.8046,9.2458,2
5.7582,-12.232,2
-10.886,-9.8557,2
10.112,7.217,2
-1.8697,-13.635,2
6.7474,9.8092,2
-11.691,-8.6967,2
7.5138,-11.235,2
-11.556,-9.1105,2
-9.0348,-11.321,2
4.8334,-12.857,2
-11.082,12.456,2
-12.424,-7.9402,2
-1.1332,-7.4341,2
-6.2859,8.0184,2
3.1881,-13.282,2
-14.318,-4.8089,2
-14.502,-4.3703,2
-0.21489,-13.781,2
-10.466,13.04,2
-10.417,12.645,2
2.6588,-13.342,2
12.842,-1.7603,2
6.6372,-0.55177,2
-3.9123,-13.694,2
10.227,-8.399,2
-15.282,0.53937,2
12.602,-2.7349,2
-9.0106,-11.206,2
-9.1075,0.90839,2
10.539,-7.9682,2
4.3437,-12.769,2
-15.26,3.1626,2
1.5776,-13.952,2
-9.1923,2.6311,2
-15.253,0.96535,2
-15.172,4.1207,2
-15.12,5.4793,2
5.0769,-12.815,2
-9.8183,-10.508,2
2.612,11.307,2
9.7651,7.5531,2
4.8745,10.741,2
-14.883,6.1495,2
1.5142,11.303,2
-6.7642,7.9226,2
-12.141,11.087,2
-15.385,3.1448,2
7.6595,9.4216,2
2.6549,-13.764,2
-12.535,-7.5191,2
11.429,4.8365,2
2.9352,-6.8534,2
-11.233,11.793,2
-12.841,-7.2353,2
-15.357,3.0514,2
0.99684,11.189,2
-7.2932,-4.2357,2
-2.1737,10.724,2
-3.4532,10.496,2
-7.4431,-4.0342,2
12.188,3.0119,2
9.3532,-9.169,2
-15.683,0.079189,2
-9.3998,-0.18707,2
13.02,-1.0996,2
10.65,6.6822,2
-4.4005,9.795,2
6.7016,-2.0128,2
-10.191,-10.417,2
3.6688,-13.221,2
4.5062,3.8613,2
12.841,1.7709,2
11.979,-4.8437,2
-4.6666,9.5465,2
5.5536,10.711,2
-14.4,7.2273,2
-15.111,3.8029,2
6.1204,-3.4511,2
-3.3656,-13.443,2
-6.2287,-12.631,2
12.691,1.543,2
-5.2548,9.4375,2
-12.917,-7.2865,2
-7.0378,-5.0294,2
-10.633,-9.8966,2
11.727,-5.707,2
-7.0437,-4.7129,2
-14.715,-4.1855,2
-10.495,-10.249,2
-6.3306,-5.7669,2
-0.91636,11.025,2
-15.263,1.1066,2
-15.47,3.8123,2
8.456,-10.808,2
-3.0963,-13.879,2
-0.65071,-13.738,2
7.1385,9.5296,2
-15.41,-0.032057,2
-1.5917,-7.7516,2
-6.9351,-4.7655,2
1.6266,-13.748,2
-7.9493,-3.4919,2
11.94,3.6204,2
-11.217,-9.432,2
6.7609,-11.933,2
12.805,-0.30556,2
-15.591,0.51599,2
-10.9,-9.8408,2
12.282,2.1327,2
-2.6539,-13.946,2
-13.057,9.7159,2
-15.097,4.6613,2
-9.0088,3.4925,2
-11.738,-8.7799,2
12.062,-5.0709,2
-12.212,-7.9304,2
1.5605,-7.0411,2
-15.05,4.6782,2
-13.8,7.8769,2
9.5295,-9.2753,2
3.7758,11.042,2
2.2054,11.141,2
7.6372,-11.152,2
-5.243,9.3233,2
0.54546,-7.3874,2
6.7765,-1.2573,2
-4.2284,-13.53,2
-3.679,-13.611,2
-0.97954,10.97,2
-7.1029,-4.9522,2
-3.6153,9.9726,2
12.864,0.40914,2
2.303,-6.8509,2
-6.7928,-4.6072,2
-14.762,5.117,2
10.237,-8.1242,2
7.2896,9.7228,2
10.706,6.4086,2
-14.315,7.6596,2
-2.14,10.895,2
-0.63323,10.963,2
-15.39,2.052,2
9.592,-9.3356,2
9.8021,-9.0676,2
5.485,-4.2799,2
-8.7681,-11.201,2
11.806,-6.1803,2
-4.6747,9.6292,2
-15.303,4.3983,2
-3.3711,10.286,2
12.869,-0.47,2
-2.5522,10.379,2
-5.0128,9.5999,2
-15.139,-2.0106,2
9.5587,-9.0609,2
-5.8182,-12.83,2
-14.187,8.0923,2
3.6691,10.808,2
-13.177,-6.6139,2
-2.3685,-7.6669,2
-9.2651,0.50111,2
-5.5808,8.6437,2
-14.942,5.3812,2
-12.57,-7.9514,2
-11.859,11.137,2
10.176,-8.0454,2
6.7351,-11.718,2
-2.0452,-14.039,2
-13.768,8.3692,2
-4.5284,-6.5655,2
6.3216,-2.6623,2
12.607,-0.29411,2
-10.378,-9.9177,2
-6.4962,-5.3522,2
-7.2213,-4.6133,2
-14.437,7.1214,2
7.4367,-11.166,2
9.2584,7.7669,2
-2.6488,10.453,2
-15.259,4.8914,2
-12.062,10.801,2
10.149,6.962,2
-9.1272,1.0876,2
-7.3265,-12.499,2
-9.9505,-11.026,2
-8.995,4.0007,2
0.50102,-7.7725,2
-9.1613,1.9189,2
3.1678,-13.123,2
11.214,-7.2908,2
6.4059,-2.5988,2
-12.37,-8.3197,2
-13.505,-5.9369,2
0.8245,-7.247,2
-14.351,7.3413,2
-15.502,0.53729,2
5.3859,-12.377,2
-9.9686,-10.703,2
-11.462,11.916,2
0.30822,11.228,2
-5.9884,8.5446,2
8.6518,-10.499,2
-3.6204,-13.59,2
12.069,-5.3799,2
6.3755,9.9525,2
-14.212,8.1355,2
-4.1532,9.7826,2
-6.2299,-13.037,2
12.998,-2.4547,2
-9.1867,1.2075,2
-15.412,2.9472,2
-6.4387,-12.902,2
-7.1255,7.5185,2
10.612,6.1147,2
-10.71,-9.8966,2
7.2051,9.3807,2
-8.6225,-11.533,2
-13.373,8.8461,2
-11.91,-8.8627,2
12.089,-5.3287,2
9.4607,-9.7221,2
-12.373,-7.9876,2
9.7683,-9.2642,2
12.599,-1.5829,2
2.8596,11.199,2
-0.61457,11.219,2
-12.762,9.9924,2
0.61667,11.144,2
-11.171,-9.7129,2
3.7121,-6.5289,2
-14.182,7.1951,2
-10.241,-10.259,2
12.674,2.5502,2
12.21,-4.9034,2
-6.6331,-12.576,2
-12.772,10.613,2
-13.591,8.6648,2
-13.939,7.4111,2
0.88693,-7.4999,2
2.9537,10.913,2
-5.4348,-13.38,2
12.951,-2.1972,2
9.1906,-9.5579,2
-13.883,8.0557,2
-2.8286,-13.693,2
-6.5042,-12.826,2
-7.3461,6.8389,2
-10.426,12.775,2
-9.0042,0.52267,2
-2.2139,10.704,2
-9.4268,1.009,2
-15.542,-0.11376,2
4.1845,-12.854,2
-1.1808,-14.106,2
8.9666,-9.8461,2
-5.0116,-6.4376,2
-10.412,-10.202,2
-6.8888,-12.518,2
-15.228,3.315,2
-15.047,4.5155,2
9.4643,-9.2164,2
-6.4682,-5.1938,2
-8.7971,4.4169,2
-8.341,-2.5698,2
-5.4903,-12.95,2
-7.5751,-4.2233,2
-8.878,4.3715,2
-0.8491,-13.851,2
12.961,-0.60272,2
10.728,6.6571,2
-12.276,-8.6089,2
-2.638,-13.784,2
12.849,1.4402,2
6.6495,-1.1579,2
-11.705,-9.1539,2
8.0747,-10.761,2
-7.8519,-11.966,2
-3.9016,10.244,2
-8.1935,-11.954,2
-13.609,-6.0638,2
-9.3196,0.37704,2
12.165,-5.1252,2
8.7043,8.3285,2
-9.7723,-10.863,2
-5.8487,8.4745,2
1.1607,-13.695,2
-12.127,-8.1062,2
6.1362,0.83099,2
7.0062,9.6248,2
-0.18562,-13.993,2
-10.545,-10.18,2
12.688,-0.23441,2
-6.3184,-5.6264,2
-7.6754,-4.0126,2
-8.8541,-1.437,2
-5.1595,9.3954,2
-15.296,-1.2649,2
-3.0955,-7.5194,2
11.002,6.3798,2
-11.221,11.931,2
12.475,1.3017,2
5.9944,-12.229,2
10.601,-7.9206,2
-5.872,-12.97,2
-2.9563,-7.4482,2
-8.6357,3.9983,2
-13.84,-6.2374,2
-8.4089,-11.748,2
12.791,-3.4588,2
-14.039,-4.8154,2
12.509,2.8417,2
4.6519,10.79,2
11.375,-7.1967,2
-5.5706,-6.1371,2
-15.422,1.4444,2
4.1142,-13.101,2
12.763,1.9062,2
-7.1428,7.2952,2
11.524,4.713,2
-10.025,-10.586,2
-13.222,-7.0072,2
-8.6258,-11.826,2
-9.0578,2.4207,2
-12.558,10.253,2
6.4405,10.048,2
-9.3298,0.98232,2
-3.6277,-13.568,2
-13.24,-6.838,2
12.348,-3.973,2
12.737,-1.2572,2
-6.2747,-12.656,2
-6.7869,7.5186,2
-6.12,-12.893,2
11.481,-6.6969,2
2.558,11.3,2
-1.1017,-13.784,2
-7.4689,-12.315,2
-3.3811,-13.486,2
12.48,1.2856,2
12.192,3.4243,2
-3.4146,-13.867,2
-3.285,-13.678,2
-7.5777,-3.9078,2
3.2996,11.096,2
-1.1496,11.217,2
-15.232,-1.8359,2
-13.102,9.7012,2
-9.2129,1.8862,2
-13.635,8.8319,2
-11.965,11.315,2
-14.434,6.4989,2
-10.743,-10.148,2
-7.3083,-12.408,2
-13.575,-5.916,2
4.7379,-12.769,2
-13.442,9.0554,2
7.7476,-11.249,2
3.8773,11.094,2
12.536,2.2097,2
-7.6754,-3.9759,2
11.917,-4.8476,2
4.6775,10.608,2
10.396,6.2737,2
-11.531,-8.9737,2
-3.7662,9.8369,2
12.02,-4.7538,2
-0.46778,-7.7987,2
13.018,0.22122,2
-8.8108,3.6707,2
5.7093,-3.4318,2
-0.65997,-7.8371,2
2.256,-13.632,2
-3.864,10.233,2
8.4735,8.3566,2
-1.3403,-7.4315,2
-12.492,-7.8519,2
6.4845,1.0423,2
-11.621,12.03,2
-14.253,-4.3827,2
-8.9768,2.732,2
6.5859,0.38137,2
-4.0866,10.017,2
-13.857,-5.7226,2
6.5553,-2.4987,2
7.8356,9.0144,2
12.611,-0.85593,2
12.144,3.5474,2
-5.8483,-12.789,2
12.732,-1.1822,2
-14.804,-2.6102,2
4.5056,-5.4053,2
-3.9902,-13.623,2
8.3497,-10.649,2
-3.8734,9.8382,2
-11.299,11.629,2
-12.208,10.949,2
8.5697,8.5417,2
-6.9542,-12.626,2
6.4755,-2.5911,2
9.7832,7.497,2
7.9601,-11.044,2
-1.1007,10.915,2
-7.5215,-12.52,2
-15.679,0.29687,2
5.6735,-4.4623,2
-3.7448,-13.557,2
1.9333,-7.172,2
5.3737,-12.601,2
-0.3409,-14.017,2
-11.769,11.599,2
5.4363,10.378,2
-8.7055,-1.38,2
12.85,-1.5777,2
3.3568,-13.422,2
5.5825,10.527,2
-4.9731,9.0509,2
-4.8842,-13.521,2
-1.2741,-14.103,2
3.3015,-6.5878,2
-4.4805,9.7779,2
0.87257,-14.001,2
2.9987,11.062,2
2.4828,-13.468,2
3.1063,11.276,2
-7.1003,-12.483,2
1.104,-7.6753,2
6.1535,-3.0665,2
3.5981,-13.041,2
6.2159,10.118,2
-0.53618,10.961,2
4.2349,-5.822,2
-2.5289,-7.6512,2
-8.4423,4.6901,2
-9.1693,0.13337,2
8.9147,-9.798,2
12.861,-1.2062,2
11.921,-5.7369,2
12.219,-5.2569,2
11.36,-6.4049,2
-13.528,-6.6531,2
-15.389,3.8163,2
11.246,5.4586,2
7.9041,8.9251,2
11.803,3.7505,2
-12.642,-7.6689,2
-7.3419,-12.462,2
-5.8568,8.5153,2
9.1925,7.8991,2
0.88794,11.189,2
-14.829,6.6389,2
11.073,-7.4529,2
-7.1001,-4.7422,2
-3.5982,10.093,2
5.5051,10.516,2
-4.9698,9.4488,2
-1.9491,-13.688,2
3.7668,-13.439,2
-15.304,0.47429,2
-10.877,12.507,2
-6.2648,7.9558,2
11.504,-6.6034,2
-13.954,-5.2891,2
-11.895,11.271,2
-12.846,9.8725,2
9.5157,-9.1011,2
-6.5628,-12.824,2
-7.272,-12.493,2
-7.184,-12.102,2
-3.4896,10.111,2
-9.2875,-11.298,2
4.6685,-5.7886,2
8.7896,8.3392,2
-9.4562,1.147,2
-10.922,-9.6194,2
-12.191,10.761,2
2.0875,-6.9702,2
-13.79,7.9219,2
-8.5647,4.3227,2
11.059,5.4159,2
-8.8143,-1.0409,2
-6.9969,-12.539,2
-10.268,-10.289,2
-8.1813,-3.2009,2
-8.174,-11.741,2
12.667,1.2909,2
-14.632,6.9775,2
5.7749,-3.9545,2
11.808,-6.1644,2
-3.039,-7.4814,2
9.7703,-9.4444,2
8.2264,-10.869,2
6.7692,-11.917,2
-7.7963,6.3786,2
1.7918,4.929,2
-3.2531,-13.724,2
12.245,-4.6219,2
-15.602,0.35103,2
11.517,4.9989,2
-15.264,3.819,2
-6.1269,-12.679,2
-12.903,9.9718,2
1.6008,11.324,2
-7.4496,6.6449,2
10.929,-7.4213,2
-5.6471,9.0947,2
-13.208,9.6047,2
-14.68,6.2534,2
0.26124,11.01,2
-14.125,-4.6759,2
12.794,-0.93833,2
-13.751,8.3442,2
10.179,-8.9478,2
4.7737,-12.693,2
1.4839,-7.3882,2
-14.854,6.0848,2
9.6599,-8.7163,2
12.699,0.1428,2
-6.8231,7.2488,2
9.6651,-9.502,2
-5.027,-13.299,2
-13.604,8.7867,2
-11.037,-9.6855,2
-7.8362,-4.2118,2
-15.67,0.20191,2
7.2143,-11.225,2
-11.732,-8.7751,2
-14.21,-5.1585,2
0.52181,-13.991,2
-13.838,-5.7038,2
-7.2286,-12.432,2
-14.981,4.0308,2
-9.7142,-11.069,2
-15.12,5.5216,2
-6.8878,7.5361,2
-15.345,-1.9066,2
-8.0986,-3.0298,2
12.204,2.6957,2
6.3937,-0.15832,2
-3.6173,-13.533,2
3.4402,11.071,2
7.0014,9.5983,2
3.6613,-6.2081,2
-13.802,-6.0403,2
6.2639,0.95333,2
10.726,5.7726,2
1.9782,11.042,2
-1.5503,10.795,2
-11.912,-8.7546,2
7.7771,9.217,2
-9.3385,-10.746,2
-7.0143,-4.9972,2
10.128,6.8652,2
11.132,-7.2039,2
-12.391,11.081,2
-14.87,5.3765,2
-13.997,-4.9538,2
-5.6157,-13.2,2
-5.2967,9.0261,2
-14.686,-3.72,2
-4.651,9.7251,2
12.148,-5.3471,2
-14.097,-5.411,2
11.788,-5.6014,2
-1.3828,11.135,2
8.5098,8.4061,2
-14.109,-4.8758,2
-7.0188,-4.7802,2
-8.8335,-0.97124,2
4.6102,10.619,2
1.4587,11.054,2
-7.9491,-3.4486,2
1.593,-7.4485,2
-15.681,1.7795,2
1.9964,-13.472,2
-1.1741,-14.029,2
6.4014,-12.1,2
8.0133,-10.699,2
-15.313,2.6809,2
5.7047,-4.0926,2
-15.619,-0.03734,2
-8.9306,-11.772,2
5.1435,-12.527,2
-8.2015,5.4518,2
-7.4861,6.6556,2
-7.7015,-3.6008,2
13.081,-1.3373,2
-15.119,4.591,2
-11.86,11.456,2
8.1866,8.6028,2
-15.188,3.26,2
-9.2781,2.2108,2
-10.868,-9.8155,2
-15.307,1.1664,2
10.96,-7.1686,2
1.2284,11.283,2
-9.0011,3.9633,2
9.3236,-9.1813,2
-9.3331,2.8722,2
-15.307,3.596,2
8.6713,-10.069,2
-9.1603,-0.4015,2
12.385,-4.9123,2
-2,-13.741,2
-8.1775,-11.998,2
-12.74,-7.9222,2
-1.4801,-13.84,2
-6.2934,-5.8101,2
-1.1059,-13.729,2
-14.887,5.3814,2
12.048,3.5748,2
-11.359,11.721,2
-2.5249,-13.889,2
4.4594,-12.712,2
-5.6809,8.7735,2
3.4088,4.5239,2
-8.5776,4.8507,2
6.9682,9.9756,2
12.736,-0.81393,2
-11.167,-9.5171,2
-6.6651,-4.9558,2
-1.0313,11.26,2
11.922,3.6337,2
10.231,6.6538,2
-7.7088,-11.854,2
-1.1455,-14.09,2
-8.9637,2.5592,2
-11.803,11.227,2
10.674,6.2285,2
-11.862,11.465,2
3.0548,11.101,2
12.924,-0.088401,2
12.962,-0.13177,2
12.537,0.4535,2
-8.1798,-3.6102,2
-4.0276,-6.6743,2
6.7286,9.8199,2
7.5727,-10.88,2
-5.139,9.0627,2
-0.58737,-13.733,2
12.706,-1.6115,2
-11.979,-9.0028,2
6.508,-1.5779,2
12.465,-4.3108,2
-14.565,6.6407,2
-3.9981,-13.495,2
-9.0682,0.70974,2
6.3314,-11.95,2
5.2322,-4.9363,2
-15.348,4.7598,2
8.3433,8.913,2
3.0691,-6.7232,2
-8.9792,3.0838,2
-14.76,6.0567,2
6.4837,-2.8015,2
-6.6864,-12.439,2
-14.717,5.1877,2
-6.0979,7.9748,2
11.366,5.1825,2
-0.45458,-13.778,2
-13.593,8.9279,2
-12.25,10.741,2
3.8944,-13.064,2
-0.35736,-13.982,2
-8.7361,-11.372,2
1.5228,-13.545,2
12.572,-3.2216,2
-2.0333,-13.905,2
-9.3425,-0.25257,2
-15.15,-1.1692,2
-6.2132,8.3079,2
-8.8812,4.2638,2
-1.6367,-14.123,2
-15.407,-1.7373,2
1.5621,-7.5351,2
11,6.14,2
-9.1943,0.18803,2
-13.573,8.9409,2
-14.658,-4.5239,2
-2.6578,-13.603,2
-1.0871,-14.059,2
-8.7592,-1.2482,2
-8.0172,-3.3722,2
-1.4777,10.78,2
5.9923,2.2494,2
2.3667,-13.491,2
6.4131,-2.6208,2
6.5254,-2.4711,2
12.313,-4.7992,2
-15.386,-0.85227,2
10.562,-8.1516,2
-2.4553,-13.616,2
-15.473,2.7905,2
12.343,-3.9936,2
5.2881,-12.382,2
-8.143,-3.4371,2
1.5918,-13.716,2
0.12276,-14.095,2
12.343,-4.4744,2
-13.193,9.2666,2
7.6999,-10.992,2
-9.4252,1.8038,2
-15.244,3.5421,2
-4.4871,-13.57,2
-14.996,-2.1568,2
-8.8333,-1.4699,2
-6.0644,-12.986,2
10.347,-8.5508,2
-12.446,-8.0532,2
9.1773,-9.6249,2
-7.4754,6.9563,2
12.697,-2.1867,2
12.022,-5.2854,2
-14.475,-4.7206,2
-15.269,3.7818,2
0.045841,11.036,2
-15.466,3.2744,2
5.1728,-12.501,2
4.5401,-5.3122,2
-6.9372,7.6952,2
-6.1958,-12.993,2
-8.8299,-1.4524,2
-12.618,10.687,2
12.295,2.4256,2
-14.987,5.3558,2
-10.43,-10.149,2
6.9315,9.6814,2
3.0868,-6.793,2
5.0639,-12.822,2
12.548,-2.4613,2
6.8922,9.5458,2
-9.1527,-11.219,2
-8.2098,-2.8764,2
-15.536,0.66538,2
-15.219,-0.46169,2
-6.2891,8.2819,2
-13.187,-6.5882,2
5.4734,10.5,2
-8.7734,4.4876,2
-9.2031,1.7435,2
4.5928,10.882,2
6.2478,-12.189,2
-0.40291,11.076,2
1.5461,-13.779,2
-7.2895,7.2121,2
-13.1,-6.5385,2
12.458,-3.6828,2
-15.703,0.93139,2
-9.2012,-10.879,2
-14.267,7.1814,2
-15.413,1.3478,2
-15.577,-1.1354,2
-4.3168,-6.5306,2
-2.422,-7.4611,2
-14.902,5.7771,2
-14.528,-3.7217,2
-2.741,10.691,2
