1.989777330767157767e-45 4.435014365030730146e-70 6.150302477458180435e-49 6.430267005177586443e-41 1.202409739683697435e-57
2.180783146754422258e-34 1.928098431365252559e-62 8.587751328104709068e-46 1.071550779564711134e-33 7.711329005074809375e-61
4.043957665232731631e-48 3.442070654289674562e-87 1.794512531919821639e-75 9.944952971069688151e-49 5.105036176583691544e-94
1.463450595110041970e-60 1.031244737655899612e-96 8.450168155572932366e-78 1.073734267815181129e-56 2.444255906382693612e-88
3.210910668977545671e-43 2.067785233141363307e-64 6.059298495493795566e-42 1.105199766758962120e-44 2.183533617189894975e-52
1.294517738993648196e-54 1.805455708062317683e-68 5.204438801672534134e-54 2.976012280454079213e-50 2.231886292113353586e-62
2.451930934786251077e-48 1.894564572239312629e-84 4.402122431138767804e-60 6.315610978465500533e-47 1.594566410267163122e-68
1.221292843001330845e-38 3.963243092608323835e-75 2.468654342463956933e-59 4.867505451993039535e-41 1.006204452767442061e-61
8.105739567843104708e-65 3.493891017030000448e-71 4.599363200762057682e-51 8.688970347150402895e-55 2.747589491935640907e-67
1.018449779013363756e-62 2.603995495467467869e-61 6.523798653493694278e-69 6.864556227747789274e-72 3.811776884318597358e-67
1.791135637470606659e-47 7.235236235111239557e-68 1.949220885502500307e-50 6.964902544657314967e-50 1.314952339541677795e-59
6.330490312180806110e-47 8.739660793381821683e-86 1.199310763759097850e-67 6.295779437836485654e-46 2.785383600978996298e-71
2.734151488859430608e-108 1.552109998425531489e-48 9.632835752934664404e-92 1.167592743468472070e-97 1.959810331005640650e-57
2.825971765811617838e-89 7.442475971016759356e-39 1.497806551707435931e-70 2.396660262044119936e-73 1.626242894610455865e-53
3.217314926403984100e-75 1.306398833840400948e-52 1.899662198932553566e-86 2.338334459465274901e-80 4.164442521065514474e-54
6.261012929990281775e-134 1.706319266213806927e-68 8.555852459459539691e-121 4.511977291780126558e-122 7.118390759526857568e-79
3.890432626644660341e-102 4.156022563051656819e-54 1.638963063882636516e-95 2.115485732485240009e-94 1.992834530348689925e-76
1.463799934108124315e-131 5.332816150677819478e-71 1.665770039843599749e-97 5.975538237875781811e-119 8.241782811480179295e-88
1.649642253986211091e-118 6.081679056786262769e-71 2.957255676987704068e-91 1.083705102203059033e-105 1.370366296940926501e-92
6.904981963694188102e-81 7.840691755532302445e-47 3.687029777738614253e-79 3.336107032040318043e-73 4.098339524442225391e-53
5.866452834246286618e-87 7.945320166764206144e-53 3.341389282376057784e-69 9.978764947334843716e-76 3.955007162119124986e-69
4.358361414332256368e-139 5.017059529690029834e-81 3.903797540671949510e-104 1.494038749033856883e-136 5.814994320249193115e-114
9.187760298316239257e-99 1.427454702616877193e-39 2.196580117783852773e-78 1.243267162969433877e-78 1.911686604193541623e-57
7.935662111651360037e-127 9.436027632955005373e-80 5.220266792830012221e-128 3.856841097505008267e-129 2.837993884157303426e-94
2.449656363913776755e-64 2.529286867083852295e-89 7.877718744430924145e-60 3.383492583492411833e-55 2.482048914761357419e-83
8.083285477238441298e-64 4.811317832652019625e-83 1.366300224020864934e-47 9.020896850739705586e-63 1.161372251272756770e-63
2.311548215070531595e-112 1.528904905160628161e-102 1.055410355337646094e-73 8.666685583347610395e-92 8.922767574986395002e-98
2.581978395423638777e-78 3.757749625469187973e-84 1.484632727218272866e-44 8.072289715786796343e-80 3.681760516555069469e-72
1.003130481070915929e-63 1.286898708807150215e-68 7.989730844769062368e-50 5.585810245940376445e-45 6.774913910557778262e-64
8.781349485950681422e-88 1.520014844932218602e-87 4.518465739876210969e-57 7.778761335391592563e-67 4.094246379501797641e-74
1.718232610091814434e-116 4.734526704238019098e-97 2.708234223676970042e-79 3.610904366887469286e-83 1.237568330304301846e-81
6.592832023049454941e-80 3.526269414622584946e-79 2.871729096739554515e-52 1.570163205660443502e-73 2.811988957689631469e-63
8.604673040020366242e-59 3.200097583843633466e-60 6.377256102744556347e-52 8.520166842759425650e-62 6.918651932282839196e-71
3.559451589864476936e-81 5.944041853972282852e-87 1.514404045459519582e-63 7.642337579985358739e-68 2.370506255728438236e-78
6.117937340014326327e-75 1.535138409708381489e-73 3.389303799126489524e-61 1.196800747135625741e-50 1.429481603268711818e-76
3.907547300712487257e-82 7.976510906304282285e-89 2.440469601929077612e-45 1.152961772924980648e-75 7.025107339857124517e-75
2.512777831504273119e-52 1.914921068722065816e-64 1.643850420016590521e-55 7.637449383161741647e-40 3.676498238629253519e-66
5.904981896858294219e-103 8.992916695380532144e-105 1.513142517831733492e-85 2.589859527353392753e-92 9.624195827357892836e-109
1.504012946511539591e-76 7.483748279959084658e-95 6.561886165224261395e-61 7.099230160381771638e-83 1.204637113847968200e-81
3.177872854246286031e-53 1.838996353255871514e-83 5.876209454320243528e-58 2.768035742887045811e-51 9.512019049484532816e-67
1.232515549689019461e-59 2.642869777251618937e-83 3.348622464682138916e-75 3.570483369758744563e-48 3.833669401313515401e-74
1.034109578599458217e-70 7.317225656807135686e-84 3.365306262796125768e-63 4.184841048996445987e-64 1.409828505570478928e-74
1.689179823106179130e-106 2.236003889448338297e-105 6.158641193106313537e-98 4.046928523532151764e-98 5.296375958590487203e-98
3.724887035432989611e-64 1.162930815015007470e-81 1.523260183929500372e-68 6.612445125107444732e-53 6.192159157799781833e-73
8.070772250847650912e-49 5.378749560288778016e-56 5.574766521818082552e-57 4.256038812639429855e-50 7.533834091499064158e-60
1.270432246668086970e-74 6.615406344215085068e-87 1.350989014386816723e-72 1.127238248142632481e-55 2.030267130315374227e-83
5.073880001110484046e-55 3.267410936104325018e-60 7.244744149477423120e-53 4.465573820208257865e-43 1.074196677859099999e-57
7.273795483451371533e-56 1.155356331310326598e-112 1.158336487939918613e-90 1.299371259445817967e-54 8.861152906745123555e-97
5.812643665623603190e-124 1.045285249171820260e-86 8.255592214638135592e-100 1.919348763449666843e-111 3.403115321118505683e-66
9.334302385715608096e-95 5.765719901002095953e-72 4.521760231466895197e-79 5.219766110248023024e-72 4.663716740903364212e-67
7.250346737487916742e-99 9.190904427587124789e-87 1.527278179033697733e-75 3.894823354950151405e-73 2.851535750097663380e-57
4.663490592768430151e-113 4.486841870382299048e-86 1.100492704191721753e-94 2.781793489374886322e-107 6.633825795776421450e-65
9.068960577176543115e-95 5.176586376856993480e-69 8.577223027967795628e-77 1.626212926223179128e-89 4.727102466285032029e-59
2.213684252816729508e-119 8.530180492903788343e-78 2.864449542831916924e-92 2.857887965572757357e-108 2.349041951890469812e-59
1.307777520538845791e-124 4.170024735578833199e-116 1.234917635691746853e-115 2.609849299583554244e-115 2.885698623325243949e-97
2.426839034474355739e-99 3.296904200619079434e-63 1.078131500303161886e-85 3.757680994978269308e-98 1.086216796490525584e-52
3.113876749715879622e-112 2.990049540274443357e-74 5.224123526005532758e-105 7.897043131299442783e-114 5.060499341365390323e-68
6.189111588062873552e-129 1.150600825355620152e-89 3.938564906945912939e-103 7.502588671483332760e-106 1.176791468610112199e-64
1.660879951110659269e-70 2.312548020027923632e-49 6.857892514251826288e-76 4.071408773083813728e-79 7.824418989807404853e-55
1.037208182589351586e-115 5.401315186559897466e-87 3.709440031999284417e-93 3.240029527287041198e-97 1.780621134075335906e-64
